SC Code Doc v1.5
Template Version v1.2
LNX_Code
Celeste
23
0
0
1
-1.2427071398756
0
0.0512109375
1
0
0
127
-2
-36.620851020652
0
8
2
1
-inf
9
0.45901309742647
1
60
12
0
0
1
0
1
0
*** MIDI Control Doc v1.2
0
0
*** End MIDI Control Doc ***
822
10
47
47
32
65
32
115
105
109
112
108
101
32
83
121
110
116
104
68
101
102
32
116
101
109
112
108
97
116
101
10
10
83
121
110
116
104
68
101
102
40
34
76
78
88
95
83
97
119
49
34
44
32
123
124
111
117
116
44
32
97
109
112
44
32
118
101
108
44
32
102
114
101
113
44
32
109
105
100
105
44
32
112
97
110
44
32
103
97
116
101
61
49
44
32
115
101
110
100
79
117
116
44
32
115
101
110
100
65
109
112
44
10
9
9
9
9
9
98
112
109
44
32
99
108
111
99
107
44
32
105
95
99
108
111
99
107
44
32
112
111
108
108
44
32
100
117
114
61
49
44
32
97
116
116
97
99
107
44
32
108
102
111
65
44
32
108
102
111
70
44
10
9
9
9
9
9
98
117
102
76
44
32
98
117
102
82
44
32
98
117
102
82
97
116
101
44
32
98
117
102
65
109
112
44
32
98
117
102
83
116
97
114
116
70
114
97
109
101
44
32
98
117
102
83
116
97
114
116
80
111
115
44
32
98
117
102
76
111
111
112
44
32
98
117
102
68
117
114
44
10
9
9
9
9
9
114
105
110
103
70
114
101
113
44
32
114
105
110
103
65
109
112
10
9
9
9
9
9
124
10
9
118
97
114
32
115
105
103
110
97
108
59
10
9
10
9
115
105
103
110
97
108
32
61
32
80
108
97
121
66
117
102
46
97
114
40
49
44
91
98
117
102
76
44
32
98
117
102
82
93
44
32
66
117
102
82
97
116
101
83
99
97
108
101
46
107
114
40
91
98
117
102
76
44
32
98
117
102
82
93
41
32
42
32
40
98
117
102
82
97
116
101
43
10
9
10
9
9
9
9
9
83
105
110
79
115
99
46
97
114
40
108
102
111
70
44
48
44
108
102
111
65
42
42
50
44
48
41
10
9
41
44
32
10
9
9
9
9
9
9
9
9
108
111
111
112
58
98
117
102
76
111
111
112
44
32
115
116
97
114
116
80
111
115
58
98
117
102
83
116
97
114
116
70
114
97
109
101
41
32
42
32
98
117
102
65
109
112
59
10
9
9
9
9
9
9
9
9
10
9
115
105
103
110
97
108
32
61
32
115
105
103
110
97
108
32
42
32
83
105
110
79
115
99
46
97
114
40
114
105
110
103
70
114
101
113
44
112
105
47
50
44
114
105
110
103
65
109
112
47
50
44
49
32
45
32
40
114
105
110
103
65
109
112
47
50
41
41
59
10
9
9
9
9
9
9
9
9
9
9
10
9
115
105
103
110
97
108
32
61
32
115
105
103
110
97
108
32
42
32
69
110
118
71
101
110
46
97
114
40
69
110
118
46
110
101
119
40
91
48
44
49
44
48
93
44
32
91
97
116
116
97
99
107
32
44
50
93
44
32
91
45
52
44
45
52
93
44
32
49
41
44
32
103
97
116
101
44
32
118
101
108
44
32
48
44
32
100
117
114
42
98
117
102
68
117
114
44
32
50
41
59
10
9
10
9
76
78
88
95
79
117
116
40
115
105
103
110
97
108
44
32
111
117
116
44
32
97
109
112
44
32
112
97
110
44
32
115
101
110
100
79
117
116
44
32
115
101
110
100
65
109
112
41
59
10
9
10
9
47
47
115
97
109
112
108
101
76
46
112
111
108
108
40
112
111
108
108
41
59
32
47
47
32
117
115
101
32
102
111
114
32
100
101
98
117
103
103
105
110
103
10
9
10
125
44
32
109
101
116
97
100
97
116
97
58
32
40
32
115
112
101
99
115
58
32
40
108
102
111
70
58
92
108
111
102
114
101
113
44
32
114
105
110
103
70
114
101
113
58
92
108
111
102
114
101
113
41
41
41
10
4
6
volume
MVC_SmoothSlider
*** MVC_View Document v1 ***
13
0
560
24
40
168
backgroundDisabled
0.25
0.25
0.25
1
numberDown
1
1
1
1
midiLearn
0
1
1
1
background
0.85453003875969
0.85453003875969
0.85453003875969
0.37091206395349
hilite
0
0
0
0.63620397286822
knob
0
0
0
1
border
0.58869307170543
0.84780765503876
0.84780765503876
1
knobBorder
0.58499878875969
0.82939680232558
0.8375121124031
1
knobDisabled
0.6
0.6
0.6
1
numberUp
0
0
0
1
label
1
1
1
1
disabled
0.3
0.3
0.3
1
focus
1
0
0
1
*** END MVC_View Document ***
inAmp
MVC_MyKnob3
*** MVC_View Document v1 ***
10
0
568
268
26
26
pin
0
0
0
1
background
0.85453003875969
0.85453003875969
0.85453003875969
0.37091206395349
numberUp
0
0
0
1
off
0
0
0
1
on
0.49355014534884
0.74000726744186
0.78112887596899
1
midiLearn
0
1
1
1
numberDown
1
1
1
1
label
1
1
1
1
disabled
0.3
0.3
0.3
1
focus
0
0
0
0
*** END MVC_View Document ***
pan
MVC_MyKnob3
*** MVC_View Document v1 ***
10
0
568
224
26
26
pin
0
0
0
1
background
0.85453003875969
0.85453003875969
0.85453003875969
0.37091206395349
numberUp
0
0
0
1
off
0
0
0
1
on
0.49355014534884
0.74000726744186
0.78112887596899
1
midiLearn
0
1
1
1
numberDown
1
1
1
1
label
1
1
1
1
disabled
0.3
0.3
0.3
1
focus
0
0
0
0
*** END MVC_View Document ***
sendAmp
MVC_MyKnob3
*** MVC_View Document v1 ***
10
0
568
288
26
26
pin
0
0
0
1
background
0.85453003875969
0.85453003875969
0.85453003875969
0.37091206395349
numberUp
0
0
0
1
off
0
0
0
1
on
0.49355014534884
0.74000726744186
0.78112887596899
1
midiLearn
0
1
1
1
numberDown
1
1
1
1
label
1
1
1
1
disabled
0.3
0.3
0.3
1
focus
0
0
0
0
*** END MVC_View Document ***
26
MVC_SmoothSlider
0
*** MVC_View Document v1 ***
13
0
400
24
56
272
backgroundDisabled
0.25
0.25
0.25
1
numberDown
1
0.5
0
1
midiLearn
0
1
1
1
background
0.85453003875969
0.85453003875969
0.85453003875969
0.37091206395349
hilite
0
0
0
0.63620397286822
knob
0
0
0
1
border
0.58869307170543
0.84780765503876
0.84780765503876
1
knobBorder
0.58499878875969
0.82939680232558
0.8375121124031
1
knobDisabled
0.6
0.6
0.6
1
numberUp
0
0
0
1
label
1
1
1
1
disabled
0.3
0.3
0.3
1
focus
0
0
0
0
*** END MVC_View Document ***
15
MVC_SmoothSlider
0
*** MVC_View Document v1 ***
13
0
224
24
56
272
backgroundDisabled
0.25
0.25
0.25
1
numberDown
1
0.5
0
1
midiLearn
0
1
1
1
background
0.85453003875969
0.85453003875969
0.85453003875969
0.37091206395349
hilite
0
0
0
0.63620397286822
knob
0
0
0
1
border
0.58869307170543
0.84780765503876
0.84780765503876
1
knobBorder
0.58499878875969
0.82939680232558
0.8375121124031
1
knobDisabled
0.6
0.6
0.6
1
numberUp
0
0
0
1
label
1
1
1
1
disabled
0.3
0.3
0.3
1
focus
0
0
0
0
*** END MVC_View Document ***
25
MVC_SmoothSlider
7.0647271713197
*** MVC_View Document v1 ***
13
0
464
24
56
272
backgroundDisabled
0.25
0.25
0.25
1
numberDown
1
0.5
0
1
midiLearn
0
1
1
1
background
0.85453003875969
0.85453003875969
0.85453003875969
0.37091206395349
hilite
0
0
0
0.63620397286822
knob
0
0
0
1
border
0.58869307170543
0.84780765503876
0.84780765503876
1
knobBorder
0.58499878875969
0.82939680232558
0.8375121124031
1
knobDisabled
0.6
0.6
0.6
1
numberUp
0
0
0
1
label
1
1
1
1
disabled
0.3
0.3
0.3
1
focus
0
0
0
0
*** END MVC_View Document ***
13
MVC_SmoothSlider
0.56320488721805
*** MVC_View Document v1 ***
13
0
120
24
56
272
backgroundDisabled
0.25
0.25
0.25
1
numberDown
1
0.5
0
1
midiLearn
0
1
1
1
background
0.85453003875969
0.85453003875969
0.85453003875969
0.37091206395349
hilite
0
0
0
0.63620397286822
knob
0
0
0
1
border
0.58869307170543
0.84780765503876
0.84780765503876
1
knobBorder
0.58499878875969
0.82939680232558
0.8375121124031
1
knobDisabled
0.6
0.6
0.6
1
numberUp
0
0
0
1
label
1
1
1
1
disabled
0.3
0.3
0.3
1
focus
0
0
0
0
*** END MVC_View Document ***
16
MVC_SmoothSlider
0.71054546231404
*** MVC_View Document v1 ***
13
0
288
24
56
272
backgroundDisabled
0.25
0.25
0.25
1
numberDown
1
0.5
0
1
midiLearn
0
1
1
1
background
0.85453003875969
0.85453003875969
0.85453003875969
0.37091206395349
hilite
0
0
0
0.63620397286822
knob
0
0
0
1
border
0.58869307170543
0.84780765503876
0.84780765503876
1
knobBorder
0.58499878875969
0.82939680232558
0.8375121124031
1
knobDisabled
0.6
0.6
0.6
1
numberUp
0
0
0
1
label
1
1
1
1
disabled
0.3
0.3
0.3
1
focus
0
0
0
0
*** END MVC_View Document ***
14
MVC_SmoothSlider
0
*** MVC_View Document v1 ***
13
0
56
24
56
272
backgroundDisabled
0.25
0.25
0.25
1
numberDown
1
0.5
0
1
midiLearn
0
1
1
1
background
0.85453003875969
0.85453003875969
0.85453003875969
0.37091206395349
hilite
0
0
0
0.63620397286822
knob
0
0
0
1
border
0.58869307170543
0.84780765503876
0.84780765503876
1
knobBorder
0.58499878875969
0.82939680232558
0.8375121124031
1
knobDisabled
0.6
0.6
0.6
1
numberUp
0
0
0
1
label
1
1
1
1
disabled
0.3
0.3
0.3
1
focus
0
0
0
0
*** END MVC_View Document ***
LNX PRSeq DOC v1.2
0
LNX Score DOC v1.4
0
0
32
19.21875
8
0
0
1
16
4
*** END Score DOC ***
*** END PRSeq DOC ***
SC URL Bank Doc v1.1

45
file://BATCH/Celeste_bin 2/Celeste 001.aiff
1
0
120
1
0
0
Celeste 001.aiff
45.495944921875
0.0078584274443069
100
file://BATCH/Celeste_bin 2/Celeste 002.aiff
1
0
120
1
0
0
Celeste 002.aiff
46.495944921875
0.0078090755852929
100
file://BATCH/Celeste_bin 2/Celeste 003.aiff
1
0
120
1
0
0
Celeste 003.aiff
47.495944921875
0.0078090755852929
100
file://BATCH/Celeste_bin 2/Celeste 004.aiff
1
0
120
1
0
0
Celeste 004.aiff
48.495944921875
0.0070420066909035
100
file://BATCH/Celeste_bin 2/Celeste 005.aiff
1
0
120
1
0
0
Celeste 005.aiff
49.495944921875
0.0079033477078177
100
file://BATCH/Celeste_bin 2/Celeste 006.aiff
1
0
120
1
0
0
Celeste 006.aiff
50.495944921875
0.0078159244147071
100
file://BATCH/Celeste_bin 2/Celeste 007.aiff
1
0
120
1
0
0
Celeste 007.aiff
51.495944921875
0.0076565884127475
100
file://BATCH/Celeste_bin 2/Celeste 008.aiff
1
0
120
1
0
0
Celeste 008.aiff
52.495944921875
0.0083878016707921
100
file://BATCH/Celeste_bin 2/Celeste 009.aiff
1
0
120
1
0
0
Celeste 009.aiff
53.495944921875
0.0078539958488036
100
file://BATCH/Celeste_bin 2/Celeste 010.aiff
1
0
120
1
0
0
Celeste 010.aiff
54.495944921875
0.0078404996261345
100
file://BATCH/Celeste_bin 2/Celeste 011.aiff
1
0
120
1
0
0
Celeste 011.aiff
55.495944921875
0.0079190597282384
100
file://BATCH/Celeste_bin 2/Celeste 012.aiff
1
0
120
1
0
0
Celeste 012.aiff
56.495944921875
0.0078674920714728
100
file://BATCH/Celeste_bin 2/Celeste 013.aiff
1
0
120
1
0
0
Celeste 013.aiff
57.495944921875
0.007957131162335
100
file://BATCH/Celeste_bin 2/Celeste 014.aiff
1
0
120
1
0
0
Celeste 014.aiff
58.495944921875
0.0067148743682962
100
file://BATCH/Celeste_bin 2/Celeste 015.aiff
1
0
120
1
0
0
Celeste 015.aiff
59.495944921875
0.0079146281327351
100
file://BATCH/Celeste_bin 2/Celeste 016.aiff
1
0
120
1
0
0
Celeste 016.aiff
60.495944921875
0.0075580861308787
100
file://BATCH/Celeste_bin 2/Celeste 017.aiff
1
0
120
1
0
0
Celeste 017.aiff
61.495944921875
0.0080201806801774
100
file://BATCH/Celeste_bin 2/Celeste 018.aiff
1
0
120
1
0
0
Celeste 018.aiff
62.495944921875
0.0080066844575083
100
file://BATCH/Celeste_bin 2/Celeste 019.aiff
1
0
120
1
0
0
Celeste 019.aiff
63.495944921875
0.0076859980919967
100
file://BATCH/Celeste_bin 2/Celeste 020.aiff
1
0
120
1
0
0
Celeste 020.aiff
64.495944921875
0.0080582521142739
100
file://BATCH/Celeste_bin 2/Celeste 021.aiff
1
0
120
1
0
0
Celeste 021.aiff
65.495944921875
0.0080066844575083
100
file://BATCH/Celeste_bin 2/Celeste 022.aiff
1
0
120
1
0
0
Celeste 022.aiff
66.495944921875
0.0066655225092822
100
file://BATCH/Celeste_bin 2/Celeste 023.aiff
1
0
120
1
0
0
Celeste 023.aiff
67.495944921875
0.0078809882941419
100
file://BATCH/Celeste_bin 2/Celeste 024.aiff
1
0
120
1
0
0
Celeste 024.aiff
68.495944921875
0.0067462984091378
100
file://BATCH/Celeste_bin 2/Celeste 025.aiff
1
0
120
1
0
0
Celeste 025.aiff
69.495944921875
0.0077802702145215
100
file://BATCH/Celeste_bin 2/Celeste 026.aiff
1
0
120
1
0
0
Celeste 026.aiff
70.495944921875
0.006674587136448
100
file://BATCH/Celeste_bin 2/Celeste 027.aiff
1
0
120
1
0
0
Celeste 027.aiff
71.495944921875
0.0079843250438325
100
file://BATCH/Celeste_bin 2/Celeste 028.aiff
1
0
120
1
0
0
Celeste 028.aiff
72.495944921875
0.0081434596096328
100
file://BATCH/Celeste_bin 2/Celeste 029.aiff
1
0
120
1
0
0
Celeste 029.aiff
73.495944921875
0.0079529010029909
100
file://BATCH/Celeste_bin 2/Celeste 030.aiff
1
0
120
1
0
0
Celeste 030.aiff
74.495944921875
0.0068764261680074
100
file://BATCH/Celeste_bin 2/Celeste 031.aiff
1
0
120
1
0
0
Celeste 031.aiff
75.495944921875
0.0078384852645421
100
file://BATCH/Celeste_bin 2/Celeste 032.aiff
1
0
120
1
0
0
Celeste 032.aiff
76.495944921875
0.0078384852645421
100
file://BATCH/Celeste_bin 2/Celeste 033.aiff
1
0
120
1
0
0
Celeste 033.aiff
77.495944921875
0.0076994943146658
100
file://BATCH/Celeste_bin 2/Celeste 034.aiff
1
0
120
1
0
0
Celeste 034.aiff
78.495944921875
0.0069326268564356
100
file://BATCH/Celeste_bin 2/Celeste 035.aiff
1
0
120
1
0
0
Celeste 035.aiff
79.495944921875
0.0079148295688944
100
file://BATCH/Celeste_bin 2/Celeste 036.aiff
1
0
120
1
0
0
Celeste 036.aiff
80.495944921875
0.0079126137711427
100
file://BATCH/Celeste_bin 2/Celeste 037.aiff
1
0
120
1
0
0
Celeste 037.aiff
81.495944921875
0.0076457108601485
100
file://BATCH/Celeste_bin 2/Celeste 038.aiff
1
0
120
1
0
0
Celeste 038.aiff
82.495944921875
0.0076457108601485
100
file://BATCH/Celeste_bin 2/Celeste 039.aiff
1
0
120
1
0
0
Celeste 039.aiff
83.495944921875
0.0078564130827145
100
file://BATCH/Celeste_bin 2/Celeste 040.aiff
1
0
120
1
0
0
Celeste 040.aiff
84.495944921875
0.0078564130827145
100
file://BATCH/Celeste_bin 2/Celeste 041.aiff
1
0
120
1
0
0
Celeste 041.aiff
85.495944921875
0.0078564130827145
100
file://BATCH/Celeste_bin 2/Celeste 042.aiff
1
0
120
1
0
0
Celeste 042.aiff
86.495944921875
0.0078564130827145
100
file://BATCH/Celeste_bin 2/Celeste 043.aiff
1
0
120
1
0
0
Celeste 043.aiff
87.495944921875
0.0078564130827145
100
file://BATCH/Celeste_bin 2/Celeste 044.aiff
1
0
120
1
0
0
Celeste 044.aiff
88.495944921875
0.0070939772199876
100
file://BATCH/Celeste_bin 2/Celeste 045.aiff
1
0
120
1
0
0
Celeste 045.aiff
89.495944921875
0.009238063698948
100
*** END URL Bank Doc ***
*** END INSTRUMENT DOC ***
