SC Code Doc v1.4
Template Version v1.1
LNX_Code
Clair de lune
17
0
0
1
0.010594247727497
0
0
1
0
0
127
-1
-inf
0
8
1
1
-inf
9
0
0
1
0
*** MIDI Control Doc v1.1
0
*** End MIDI Control Doc ***
988
47
47
32
65
32
80
105
97
110
111
32
40
86
83
84
32
98
121
32
80
97
117
108
32
75
101
108
108
101
116
116
44
32
83
67
32
112
111
114
116
32
68
97
110
32
83
116
111
119
101
108
108
41
10
10
83
121
110
116
104
68
101
102
40
34
80
105
97
110
111
34
44
32
123
124
111
117
116
44
32
97
109
112
44
32
118
101
108
111
99
105
116
121
44
32
102
114
101
113
44
32
109
105
100
105
44
32
112
97
110
44
32
103
97
116
101
61
49
44
32
115
101
110
100
79
117
116
44
32
115
101
110
100
65
109
112
44
32
112
111
108
108
44
10
9
9
9
9
116
114
97
110
115
112
111
115
101
44
32
100
101
99
97
121
44
32
114
101
108
101
97
115
101
44
104
97
114
100
44
32
118
101
108
72
97
114
100
44
118
101
108
67
117
114
118
101
44
32
118
101
108
77
105
110
44
32
118
101
108
77
97
120
44
32
115
116
101
114
101
111
44
10
9
9
9
9
108
102
111
70
114
101
113
44
32
108
102
111
65
109
112
44
32
108
102
111
80
104
97
115
101
32
124
10
9
118
97
114
32
115
105
103
110
97
108
59
10
9
118
101
108
111
99
105
116
121
32
61
32
118
101
108
111
99
105
116
121
46
108
105
110
108
105
110
40
48
44
49
44
118
101
108
77
105
110
44
118
101
108
77
97
120
41
32
42
49
50
55
59
32
32
10
9
115
105
103
110
97
108
32
61
32
77
100
97
80
105
97
110
111
46
97
114
40
40
109
105
100
105
43
116
114
97
110
115
112
111
115
101
41
46
109
105
100
105
99
112
115
44
32
103
97
116
101
44
32
118
101
108
111
99
105
116
121
44
32
100
101
99
97
121
44
32
114
101
108
101
97
115
101
44
32
104
97
114
100
44
10
9
9
9
9
9
9
118
101
108
72
97
114
100
44
32
118
101
108
99
117
114
118
101
58
118
101
108
67
117
114
118
101
44
32
115
116
101
114
101
111
58
115
116
101
114
101
111
44
32
115
117
115
116
97
105
110
58
48
41
59
10
9
68
101
116
101
99
116
83
105
108
101
110
99
101
46
97
114
40
115
105
103
110
97
108
44
32
48
46
48
49
44
32
100
111
110
101
65
99
116
105
111
110
58
50
41
59
10
9
10
9
115
105
103
110
97
108
32
61
32
115
105
103
110
97
108
32
42
32
83
105
110
79
115
99
46
97
114
40
108
102
111
70
114
101
113
44
40
108
102
111
80
104
97
115
101
47
50
43
48
46
53
41
42
32
112
105
44
108
102
111
65
109
112
42
48
46
53
44
49
45
40
108
102
111
65
109
112
42
48
46
53
41
41
59
10
9
115
105
103
110
97
108
32
61
32
115
105
103
110
97
108
32
42
32
69
110
118
71
101
110
46
97
114
40
69
110
118
46
110
101
119
40
91
49
44
49
44
48
93
44
91
100
101
99
97
121
44
114
101
108
101
97
115
101
42
52
93
44
91
45
52
44
45
52
93
44
49
41
44
32
103
97
116
101
44
32
49
44
32
48
44
32
49
44
32
50
41
59
10
9
10
9
97
109
112
32
61
32
97
109
112
32
42
32
48
46
54
54
32
42
32
40
50
32
45
32
40
118
101
108
67
117
114
118
101
42
42
49
46
50
53
41
41
59
10
9
76
78
88
95
79
117
116
40
115
105
103
110
97
108
44
32
111
117
116
44
32
97
109
112
44
32
112
97
110
44
32
115
101
110
100
79
117
116
44
32
115
101
110
100
65
109
112
41
59
10
9
10
125
44
32
109
101
116
97
100
97
116
97
58
32
40
32
115
112
101
99
115
58
32
40
32
102
105
108
116
70
114
101
113
58
32
92
102
114
101
113
44
32
113
58
32
92
117
110
105
112
111
108
97
114
44
32
116
114
97
110
115
112
111
115
101
58
92
116
114
97
110
115
112
111
115
101
44
10
9
9
9
9
9
9
100
101
99
97
121
58
91
48
44
50
93
44
32
114
101
108
101
97
115
101
58
91
48
46
49
44
50
93
44
32
104
97
114
100
58
91
45
50
44
50
93
44
32
118
101
108
72
97
114
100
58
91
48
44
50
93
44
10
9
9
9
9
9
9
108
102
111
70
114
101
113
58
92
108
111
119
70
114
101
113
44
32
118
101
108
77
97
120
58
91
48
44
49
44
92
108
105
110
44
48
44
49
93
10
41
41
41
10
4
12
volume
MVC_SmoothSlider
*** MVC_View Document v1 ***
12
0
567
20
30
100
backgroundDisabled
0.25
0.25
0.25
1
numberDown
1
1
1
1
midiLearn
0
1
1
1
background
0
0
0
0.37662337662338
hilite
0
0
0
0.3
knob
0
1
0.88372093023256
1
border
0
0
0
1
numberUp
0
0
0
1
knobDisabled
0.6
0.6
0.6
1
label
1
1
1
1
disabled
0.3
0.3
0.3
1
focus
1
0
0
1
*** END MVC_View Document ***
inAmp
MVC_MyKnob3
*** MVC_View Document v1 ***
10
0
568
268
26
26
pin
0
0
0
1
background
0
0
0
0.5
numberUp
0
0
0
1
off
0
0
0
1
on
0
0.88372093023256
1
1
midiLearn
0
1
1
1
numberDown
1
1
1
1
label
1
1
1
1
disabled
0.3
0.3
0.3
1
focus
0
0
0
0
*** END MVC_View Document ***
pan
MVC_MyKnob3
*** MVC_View Document v1 ***
10
0
570
155
30
30
pin
0
0
0
1
background
0
0
0
0.5
numberUp
0
0
0
1
off
0
0
0
1
on
0
0.88372093023256
1
1
midiLearn
0
1
1
1
numberDown
1
1
1
1
label
1
1
1
1
disabled
0.3
0.3
0.3
1
focus
0
0
0
0
*** END MVC_View Document ***
sendAmp
MVC_MyKnob3
*** MVC_View Document v1 ***
10
0
570
215
30
30
pin
0
0
0
1
background
0
0
0
0.5
numberUp
0
0
0
1
off
0
0
0
1
on
0
0.88372093023256
1
1
midiLearn
0
1
1
1
numberDown
1
1
1
1
label
1
1
1
1
disabled
0.3
0.3
0.3
1
focus
0
0
0
0
*** END MVC_View Document ***
10
MVC_NumberBox
0
*** MVC_View Document v1 ***
10
0
305
120
40
20
background
0.33279250045069
0.45923838991116
0.6046511627907
1
numberUp
0
0
0
1
backgroundDisabled
0.25
0.25
0.25
1
string
0
0.97674418604651
1
1
typing
1
0.5
0
1
numberDown
1
0.5
0
1
midiLearn
0
1
1
1
label
1
1
1
1
disabled
0.3
0.3
0.3
1
focus
0
0
0
0
*** END MVC_View Document ***
11
MVC_MyKnob
1.16
*** MVC_View Document v1 ***
9
0
245
220
75
75
pin
0
0
0
1
numberUp
0
0
0
1
off
0
0
0
1
on
0
0.88372093023256
1
1
midiLearn
0
1
1
1
numberDown
1
0.5
0
1
label
1
1
1
1
disabled
0.3
0.3
0.3
1
focus
0
0
0
0
*** END MVC_View Document ***
13
MVC_SmoothSlider
-0.29145728643216
*** MVC_View Document v1 ***
12
0
45
15
205
40
backgroundDisabled
0.25
0.25
0.25
1
numberDown
1
0.5
0
1
midiLearn
0
1
1
1
background
0
0
0
0.37662337662338
hilite
0
0
0
0.3
knob
0
1
0.88372093023256
1
border
0
0
0
1
numberUp
0
0
0
1
knobDisabled
0.6
0.6
0.6
1
label
1
1
1
1
disabled
0.3
0.3
0.3
1
focus
0
0
0
0
*** END MVC_View Document ***
16
MVC_MyKnob
0.17
*** MVC_View Document v1 ***
9
0
75
155
50
50
pin
0
0
0
1
numberUp
0
0
0
1
off
0
0
0
1
on
0
0.88372093023256
1
1
midiLearn
0
1
1
1
numberDown
1
0.5
0
1
label
1
1
1
1
disabled
0.3
0.3
0.3
1
focus
0
0
0
0
*** END MVC_View Document ***
17
MVC_MyKnob
0.805
*** MVC_View Document v1 ***
9
0
155
155
50
50
pin
0
0
0
1
numberUp
0
0
0
1
off
0
0
0
1
on
0
0.88372093023256
1
1
midiLearn
0
1
1
1
numberDown
1
0.5
0
1
label
1
1
1
1
disabled
0.3
0.3
0.3
1
focus
0
0
0
0
*** END MVC_View Document ***
18
MVC_MyKnob3
1
*** MVC_View Document v1 ***
10
0
570
280
30
30
pin
0
0
0
1
background
0
0
0
0.5
numberUp
0
0
0
1
off
0
0
0
1
on
0
0.88372093023256
1
1
midiLearn
0
1
1
1
numberDown
1
0.5
0
1
label
1
1
1
1
disabled
0.3
0.3
0.3
1
focus
0
0
0
0
*** END MVC_View Document ***
21
MVC_MyKnob
1
*** MVC_View Document v1 ***
9
0
430
120
50
50
pin
0
0
0
1
numberUp
0
0
0
1
off
0
0
0
1
on
0
0.88372093023256
1
1
midiLearn
0
1
1
1
numberDown
1
0.5
0
1
label
1
1
1
1
disabled
0.3
0.3
0.3
1
focus
0
0
0
0
*** END MVC_View Document ***
15
MVC_MyKnob
1
*** MVC_View Document v1 ***
9
0
155
75
50
50
pin
0
0
0
1
numberUp
0
0
0
1
off
0
0
0
1
on
0
0.88372093023256
1
1
midiLearn
0
1
1
1
numberDown
1
0.5
0
1
label
1
1
1
1
disabled
0.3
0.3
0.3
1
focus
0
0
0
0
*** END MVC_View Document ***
20
MVC_MyKnob
0
*** MVC_View Document v1 ***
9
0
460
40
50
50
pin
0
0
0
1
numberUp
0
0
0
1
off
0
0
0
1
on
0
0.88372093023256
1
1
midiLearn
0
1
1
1
numberDown
1
0.5
0
1
label
1
1
1
1
disabled
0.3
0.3
0.3
1
focus
0
0
0
0
*** END MVC_View Document ***
14
MVC_MyKnob
0.58
*** MVC_View Document v1 ***
9
0
75
75
50
50
pin
0
0
0
1
numberUp
0
0
0
1
off
0
0
0
1
on
0
0.88372093023256
1
1
midiLearn
0
1
1
1
numberDown
1
0.5
0
1
label
1
1
1
1
disabled
0.3
0.3
0.3
1
focus
0
0
0
0
*** END MVC_View Document ***
19
MVC_MyKnob
8.0352612218565
*** MVC_View Document v1 ***
9
0
400
40
50
50
pin
0
0
0
1
numberUp
0
0
0
1
off
0
0
0
1
on
0
0.88372093023256
1
1
midiLearn
0
1
1
1
numberDown
1
0.5
0
1
label
1
1
1
1
disabled
0.3
0.3
0.3
1
focus
0
0
0
0
*** END MVC_View Document ***
12
MVC_MyKnob
1.3065
*** MVC_View Document v1 ***
9
0
345
220
75
75
pin
0
0
0
1
numberUp
0
0
0
1
off
0
0
0
1
on
0
0.88372093023256
1
1
midiLearn
0
1
1
1
numberDown
1
0.5
0
1
label
1
1
1
1
disabled
0.3
0.3
0.3
1
focus
0
0
0
0
*** END MVC_View Document ***
LNX PRSeq DOC v1.2
0
LNX Score DOC v1.4
159
0
512
1.17578125
11
0
536
1
16
2
65
0
7.9993356928012
0.38582677165354
68
0.0028114554666914
7.9998019824011
0.38582677165354
77
3.9985874714673
16.000545955202
0.49606299212598
80
4.0015576842673
16.001035201602
0.49606299212598
73
20.004542291736
15.994539388269
0.34645669291339
77
20.006430769603
15.996055507202
0.34645669291339
72
36.004703457605
3.9954452912005
0.40944881889764
75
36.006558125872
3.9975417765339
0.40944881889764
73
40.006598050139
3.991966238934
0.40944881889764
77
40.008372986139
3.9949632346673
0.40944881889764
65
8.004457860801
59.994334432008
0.33070866141732
68
8.0063037525343
59.999745581875
0.33070866141732
66
31.999499685871
36.009089901872
0.39370078740157
69
32.002222958938
36.009176125871
0.39370078740157
72
44.005946931206
27.992527061871
0.39370078740157
75
44.007803231473
27.99470869227
0.39370078740157
70
72.00515093121
3.9938430389339
0.35433070866142
73
72.006775133877
3.9977128282672
0.35433070866142
72
76.008468138144
3.9905456645338
0.41732283464567
75
76.01020364321
3.9944565802672
0.41732283464567
73
80.009259108811
5.9924505504011
0.40157480314961
77
86.007730642145
11.993766859202
0.4251968503937
70
80.007596409078
23.992041048536
0.36220472440945
73
98.00686796908
9.9915002949347
0.35433070866142
68
68.015639990943
43.984669078406
0.37795275590551
70
104.00880224375
7.9982898437345
0.37795275590551
72
108.00393866081
4.0080188810672
0.39370078740157
73
112.01659700962
3.9825073936005
0.45669291338583
68
116.00512462455
22.932035424536
0.40944881889764
63
104.00529026135
35.993451425071
0.35433070866142
66
104.00710856321
35.998144485872
0.35433070866142
70
112.01815172535
31.981981553068
0.45669291338583
72
116.00669084588
28.000953993601
0.40944881889764
70
144.01297102562
7.9868390154613
0.37795275590551
72
147.99968722935
4.006393889597
0.41732283464567
70
152.01061156001
7.9891609978618
0.37007874015748
75
156.00081208374
4.0069640106638
0.45669291338583
61
140.01027748749
23.991080235718
0.37795275590551
63
140.01203437175
23.997637530118
0.37795275590551
66
140.01358887895
24.002204074652
0.33858267716535
70
160.01355274881
7.9855344037281
0.28346456692913
68
164.02331782454
3.9833563690641
0.37795275590551
60
164.0215915312
11.981376243726
0.40944881889764
63
164.0248456032
11.986796070392
0.40944881889764
66
164.02624451734
11.992000255459
0.38582677165354
68
171.99943477227
8.0012987802615
0.40944881889764
66
180.01017139039
3.9910818399976
0.33858267716535
68
184.01093403679
3.9915014543975
0.44094488188976
58
176.02457170133
23.976227031985
0.36220472440945
61
176.02637794453
23.984028182385
0.36220472440945
63
176.0277205184
23.991701610652
0.35433070866142
66
188.00965403572
12.019651059192
0.34645669291339
63
200.04136390665
10.897009782926
0.37795275590551
57
200.03774732211
11.963778251726
0.36220472440945
60
200.03965604585
11.971857476792
0.36220472440945
65
68.014162550409
147.98621301116
0.37795275590551
65
216.0112287877
3.9904823157304
0.40157480314961
66
220.0115714933
3.9893311663972
0.37007874015748
70
168.01232536533
59.988794018628
0.40157480314961
65
224.01069559357
4.0001136997303
0.34645669291339
56
212.01830226184
23.983741983985
0.37795275590551
65
232.00134512956
4.0115647274644
0.37007874015748
63
236.02287893809
3.9794480917309
0.36220472440945
65
240.01149721062
3.991150529064
0.40157480314961
58
212.02001994184
35.980881425577
0.37795275590551
61
212.02142054237
35.991010578644
0.35433070866142
54
236.02111091996
12.000227838393
0.39370078740157
63
244.01337301702
7.9876316143953
0.36220472440945
61
252.01112968635
3.9896509295975
0.35433070866142
63
256.01219256635
3.9890223013309
0.40157480314961
53
248.03013645328
23.970529447985
0.35433070866142
56
248.03192328475
23.978115827185
0.35433070866142
58
248.03331199888
23.987725297051
0.38582677165354
61
260.01205652474
12.025086933859
0.37795275590551
51
272.05704339567
5.9430074421293
0.35433070866142
60
272.06084452314
10.87763105226
0.37795275590551
56
272.06416392954
10.886890240526
0.39370078740157
54
272.0627940378
11.937316296526
0.33858267716535
53
288.01298830499
3.9887250415974
0.4488188976378
56
288.01475255139
3.9989247061307
0.4488188976378
80
296.00180226712
12.002412868792
0.38582677165354
77
296.00505885059
12.012669635192
0.38582677165354
70
228.01911348956
91.983322206341
0.40944881889764
68
292.02359119512
27.991673145049
0.51968503937008
65
292.02516549486
27.999949252782
0.51968503937008
73
308.02867561538
15.971645819189
0.37795275590551
77
308.03051916791
15.983428278923
0.37795275590551
49
320.03796454444
3.9880510890642
0.4251968503937
75
324.0375381247
3.9638591823976
0.34645669291339
77
328.01462335243
3.9885320122639
0.43307086614173
42
320.03631962444
35.966303422377
0.4251968503937
66
324.0394420431
31.977109688513
0.34645669291339
58
324.04097909697
31.987989634113
0.34645669291339
61
324.04254947084
31.99863338398
0.34645669291339
54
324.04407867297
32.00881744478
0.34645669291339
70
324.04557826337
32.023583708246
0.34645669291339
49
324.04712763884
32.033823175446
0.34645669291339
75
332.0149898127
27.987803147183
0.36220472440945
73
360.02015133801
3.9803368154641
0.37007874015748
61
360.02165970495
3.993795946664
0.37007874015748
53
360.01553957801
7.9884897109282
0.37007874015748
56
360.01717463348
8.0015030069283
0.37007874015748
68
360.01878411188
8.0119215770612
0.35433070866142
63
364.02822615134
4.0123740725308
0.40157480314961
75
364.03010940681
4.0229620170639
0.40157480314961
80
368.06926724681
11.934571426659
0.44094488188976
65
368.07096469907
11.948602202126
0.49606299212598
73
368.07242910174
11.961953140792
0.44094488188976
61
368.07382010974
11.973429709326
0.49606299212598
68
368.07520489801
11.988597136526
0.44094488188976
41
356.09297455615
35.910247812777
0.39370078740157
49
356.09452519188
35.925316422377
0.39370078740157
56
380.076466962
11.957966554659
0.36220472440945
65
380.0779239028
11.971061387193
0.38582677165354
73
380.07921548573
11.988273610659
0.38582677165354
61
380.08044227827
12.001272399993
0.36220472440945
77
380.0748778836
15.92855487199
0.38582677165354
49
392.09823390013
3.9200338261307
0.40157480314961
75
396.04094149212
3.9619691994642
0.39370078740157
77
400.01663088839
3.9867598415975
0.44094488188976
75
404.01909834012
11.983685623459
0.35433070866142
42
392.09632791453
35.904530989311
0.40157480314961
66
396.03447080252
31.983995060246
0.36220472440945
58
396.03633043932
31.997944253846
0.40157480314961
54
396.03784453639
32.011283133846
0.40157480314961
70
396.03929623666
32.02929605278
0.36220472440945
61
396.04239613906
32.038018050113
0.40157480314961
49
396.04436103079
32.052094313046
0.40157480314961
73
416.01837481318
15.172854434123
0.34645669291339
61
432.01215112357
3.9895695925308
0.37795275590551
73
432.01361744837
4.0056793546642
0.37795275590551
68
432.01044550223
6.9294584543954
0.33858267716535
63
436.03596463663
3.2410882522647
0.70013273340832
75
436.03779864196
3.254657933331
0.79527559055118
59
432.00537127877
7.9969865375946
0.35433070866142
53
432.00862856943
8.0121120858616
0.35433070866142
82
440.03816708783
5.965241610663
0.60892868391451
70
440.04302987663
5.978968897596
0.85630011248594
65
440.03999324143
15.963224146123
0.86614173228346
61
440.04455362063
15.978236424524
0.86614173228346
59
440.04614537369
15.991989995724
0.86614173228346
77
440.04154135663
17.961454919455
0.64993903262092
80
446.03814638969
11.984535324259
0.7244094488189
68
446.03992078169
12.002487115726
0.7244094488189
65
458.06543788355
5.9556930506627
0.69291338582677
77
458.06737806862
5.9726467109293
0.69291338582677
77
464.06452125368
3.9395090170643
0.74803149606299
75
468.02658622434
3.9778331098642
0.70866141732283
63
468.02496530381
7.9766683370615
0.64566929133858
77
472.02852865261
3.9917463269309
0.80314960629921
75
476.03662950541
5.9663485055963
0.75590551181102
63
476.03854302541
21.98601589173
0.74015748031496
46
464.06269951555
39.941154209584
0.73228346456693
53
468.02810130061
36.71460201812
0.67716535433071
58
468.02303700514
36.743831310386
0.67716535433071
61
482.04474118114
22.740897455462
0.71653543307087
65
468.03111421741
36.775053483187
0.65354330708661
70
468.02962706648
31.790936324787
0.65354330708661
73
482.04285526007
17.792741453329
0.71653543307087
*** END Score DOC ***
*** END PRSeq DOC ***
*** END INSTRUMENT DOC ***
