SC Code Doc v1.5
Template Version v1.2
LNX_Code
filter rain
24
0
0
1
4.127458069428
0
0
1
0
0
127
-1
-inf
0
5
0
1
-inf
9
0.73404255319149
0
60
12
0
0
0
1
0
1
0
*** MIDI Control Doc v1.2
0
0
*** End MIDI Control Doc ***
749
10
47
47
32
70
105
108
116
101
114
32
82
97
105
110
32
98
121
32
76
78
88
32
40
84
104
101
32
72
97
115
104
101
114
32
115
121
110
99
115
32
114
97
110
100
111
109
32
118
97
108
117
101
115
32
102
111
114
32
116
104
101
32
102
105
108
116
101
114
44
32
116
111
32
116
101
109
112
111
32
99
108
111
99
107
41
10
10
83
121
110
116
104
68
101
102
40
34
70
105
108
116
101
114
82
97
105
110
34
44
32
123
124
111
117
116
44
32
97
109
112
44
32
118
101
108
44
32
102
114
101
113
44
32
109
105
100
105
44
32
112
97
110
44
32
103
97
116
101
61
49
44
32
102
105
108
116
70
114
101
113
61
49
56
48
48
44
32
113
61
48
46
53
44
32
100
117
114
61
49
44
32
99
108
111
99
107
44
32
115
112
101
101
100
61
49
44
32
102
114
97
110
103
101
44
32
98
112
109
44
32
115
101
110
100
79
117
116
44
32
115
101
110
100
65
109
112
124
10
10
9
118
97
114
32
115
105
103
110
97
108
44
32
102
105
108
116
70
59
10
10
9
102
105
108
116
70
32
32
61
32
72
97
115
104
101
114
46
97
114
40
40
99
108
111
99
107
47
115
112
101
101
100
41
46
102
108
111
111
114
41
46
108
105
110
108
105
110
40
48
44
49
44
49
44
49
43
102
114
97
110
103
101
41
59
32
10
9
115
105
103
110
97
108
32
61
32
83
97
119
46
97
114
40
91
49
44
48
93
43
98
112
109
47
54
48
42
52
44
32
48
46
48
53
41
59
10
9
115
105
103
110
97
108
32
61
32
68
70
77
49
46
97
114
40
115
105
103
110
97
108
44
32
102
105
108
116
70
114
101
113
42
32
102
105
108
116
70
32
42
32
118
101
108
44
32
113
41
59
10
9
115
105
103
110
97
108
32
61
32
71
86
101
114
98
46
97
114
40
115
105
103
110
97
108
44
82
97
110
100
40
49
44
50
41
44
102
105
108
116
70
47
50
43
49
44
82
97
110
100
40
48
46
49
44
49
41
44
82
97
110
100
40
48
46
49
44
49
41
44
49
41
59
10
9
115
105
103
110
97
108
32
61
32
115
105
103
110
97
108
32
42
32
69
110
118
71
101
110
46
97
114
40
69
110
118
46
110
101
119
40
91
49
44
48
44
48
93
44
32
91
49
44
49
93
44
32
91
45
52
44
45
52
93
44
32
48
41
44
32
103
97
116
101
44
32
118
101
108
44
32
48
44
32
49
44
32
50
41
59
10
9
115
105
103
110
97
108
32
61
32
72
80
70
46
97
114
40
115
105
103
110
97
108
44
52
57
48
41
59
10
9
10
9
76
78
88
95
79
117
116
40
115
105
103
110
97
108
44
111
117
116
44
97
109
112
44
112
97
110
44
115
101
110
100
79
117
116
44
115
101
110
100
65
109
112
44
32
112
114
111
116
101
99
116
58
116
114
117
101
41
59
10
9
10
125
44
32
109
101
116
97
100
97
116
97
58
32
40
32
115
112
101
99
115
58
32
40
32
102
105
108
116
70
114
101
113
58
32
92
102
114
101
113
44
32
113
58
32
92
117
110
105
112
111
108
97
114
44
32
92
115
112
101
101
100
58
91
49
44
49
54
44
92
108
105
110
101
97
114
44
49
93
32
41
41
41
10
10
4
5
volume
MVC_SmoothSlider
*** MVC_View Document v1 ***
13
0
567
20
30
100
backgroundDisabled
0.25
0.25
0.25
1
numberDown
1
1
1
1
midiLearn
0
1
1
1
background
0
0
0
0.37662337662338
hilite
0
0
0
0.3
knob
1
0.5
0
1
knobBorder
0
0
0
1
numberUp
0
0
0
1
knobDisabled
0.6
0.6
0.6
1
border
0
0
0
1
label
1
1
1
1
disabled
0.3
0.3
0.3
1
focus
1
0
0
1
*** END MVC_View Document ***
inAmp
MVC_MyKnob3
*** MVC_View Document v1 ***
10
0
568
268
26
26
pin
0
0
0
1
background
0
0
0
0.5
numberUp
0
0
0
1
off
0
0
0
1
on
1
0.5
0
1
midiLearn
0
1
1
1
numberDown
1
1
1
1
label
1
1
1
1
disabled
0.3
0.3
0.3
1
focus
0
0
0
0
*** END MVC_View Document ***
pan
MVC_MyKnob3
*** MVC_View Document v1 ***
10
0
568
158
26
26
pin
0
0
0
1
background
0
0
0
0.5
numberUp
0
0
0
1
off
0
0
0
1
on
1
0.5
0
1
midiLearn
0
1
1
1
numberDown
1
1
1
1
label
1
1
1
1
disabled
0.3
0.3
0.3
1
focus
0
0
0
0
*** END MVC_View Document ***
sendAmp
MVC_MyKnob3
*** MVC_View Document v1 ***
10
0
568
210
26
26
pin
0
0
0
1
background
0
0
0
0.5
numberUp
0
0
0
1
off
0
0
0
1
on
1
0.5
0
1
midiLearn
0
1
1
1
numberDown
1
1
1
1
label
1
1
1
1
disabled
0.3
0.3
0.3
1
focus
0
0
0
0
*** END MVC_View Document ***
12
MVC_MyKnob
0.75197265625
*** MVC_View Document v1 ***
9
0
440
40
50
50
pin
0
0
0
1
numberUp
0
0
0
1
off
0
0
0
1
on
1
0.5
0
1
midiLearn
0
1
1
1
numberDown
1
0.5
0
1
label
1
1
1
1
disabled
0.3
0.3
0.3
1
focus
0
0
0
0
*** END MVC_View Document ***
11
MVC_MyKnob
7
*** MVC_View Document v1 ***
9
0
340
40
50
50
pin
0
0
0
1
numberUp
0
0
0
1
off
0
0
0
1
on
1
0.5
0
1
midiLearn
0
1
1
1
numberDown
1
0.5
0
1
label
1
1
1
1
disabled
0.3
0.3
0.3
1
focus
0
0
0
0
*** END MVC_View Document ***
9
MVC_MyKnob
0.3683203125
*** MVC_View Document v1 ***
9
0
240
40
50
50
pin
0
0
0
1
numberUp
0
0
0
1
off
0
0
0
1
on
1
0.5
0
1
midiLearn
0
1
1
1
numberDown
1
0.5
0
1
label
1
1
1
1
disabled
0.3
0.3
0.3
1
focus
0
0
0
0
*** END MVC_View Document ***
7
MVC_MyKnob
4608.1859521119
*** MVC_View Document v1 ***
9
0
40
40
50
50
pin
0
0
0
1
numberUp
0
0
0
1
off
0
0
0
1
on
1
0.5
0
1
midiLearn
0
1
1
1
numberDown
1
0.5
0
1
label
1
1
1
1
disabled
0.3
0.3
0.3
1
focus
0
0
0
0
*** END MVC_View Document ***
8
MVC_MyKnob
0.766015625
*** MVC_View Document v1 ***
9
0
140
40
50
50
pin
0
0
0
1
numberUp
0
0
0
1
off
0
0
0
1
on
1
0.5
0
1
midiLearn
0
1
1
1
numberDown
1
0.5
0
1
label
1
1
1
1
disabled
0.3
0.3
0.3
1
focus
0
0
0
0
*** END MVC_View Document ***
LNX PRSeq DOC v1.2
0
LNX Score DOC v1.4
0
0
64
9.609375
15
0
815
1
16
1
*** END Score DOC ***
*** END PRSeq DOC ***
SC URL Bank Doc v1.1

0
*** END URL Bank Doc ***
*** END INSTRUMENT DOC ***
