SC Code Doc v1.4
Template Version v1.1
LNX_Code
fm 7
17
2
0
1
2.8731295403576
0
0.0150390625
1
0
0
127
-1
-8.2950827628752
0
3
0
1
-25.133862453944
9
1
0
2.8731295403576
0
0.0150390625
1
0
0
127
-1
-8.2950827628752
0
3
1
1
-25.133862453944
9
1
0
2.8731295403576
0
0.0150390625
1
0
0
127
-1
-8.2950827628752
0
3
1
1
-25.133862453944
9
Preset 0
Preset 1
1
0
1
0
*** MIDI Control Doc v1.1
0
*** End MIDI Control Doc ***
4441
47
47
32
70
77
55
32
61
61
61
61
61
61
61
61
32
98
121
32
110
101
105
76
10
47
47
32
99
111
110
116
114
111
108
115
58
10
47
47
32
97
49
44
100
49
44
115
49
44
114
49
32
61
32
97
116
116
97
99
107
44
32
100
101
99
97
121
44
32
115
117
115
116
97
105
110
32
38
32
114
101
108
101
97
115
101
32
111
102
32
101
110
118
101
108
111
112
101
32
49
10
47
47
32
109
49
32
32
61
32
109
111
100
32
97
109
112
32
111
102
32
101
110
118
101
108
111
112
101
32
49
10
47
47
32
101
49
50
32
61
32
101
110
118
101
108
111
112
101
32
117
115
101
100
32
116
111
32
109
111
100
117
108
97
116
101
32
111
115
99
32
49
32
119
105
116
104
32
111
115
99
32
50
10
47
47
32
118
49
32
32
61
32
118
111
108
117
109
101
32
111
102
32
111
115
99
32
49
10
47
47
32
112
49
32
32
61
32
112
97
110
32
111
102
32
111
115
99
32
49
10
47
47
32
102
49
32
32
61
32
102
105
120
101
100
32
102
114
101
113
32
111
102
32
111
115
99
49
32
97
115
32
77
73
68
73
32
110
111
116
101
44
32
105
102
32
45
45
32
116
104
101
110
32
114
97
116
105
111
32
111
102
32
77
73
68
73
32
73
110
10
47
47
32
117
49
32
32
61
32
100
101
116
117
110
101
32
111
115
99
49
10
47
47
32
116
49
32
32
61
32
116
114
97
110
115
112
111
115
101
32
111
115
99
49
32
40
111
110
108
121
32
105
102
32
102
49
32
105
115
32
110
111
116
32
102
105
120
101
100
41
10
47
47
32
61
61
61
61
61
61
61
61
61
61
61
61
10
10
83
112
101
99
46
97
100
100
40
92
116
52
44
67
111
110
116
114
111
108
83
112
101
99
40
45
52
56
44
32
52
56
44
32
115
116
101
112
58
49
44
32
100
101
102
97
117
108
116
58
32
48
41
32
41
59
32
77
86
67
95
78
117
109
98
101
114
70
117
110
99
46
97
100
100
40
92
116
52
44
32
123
124
110
124
32
110
46
97
115
73
110
116
32
125
41
59
10
83
112
101
99
46
97
100
100
40
92
101
110
118
44
67
111
110
116
114
111
108
83
112
101
99
40
48
44
32
54
44
32
115
116
101
112
58
49
44
32
100
101
102
97
117
108
116
58
32
48
41
32
41
59
32
77
86
67
95
78
117
109
98
101
114
70
117
110
99
46
97
100
100
40
92
101
110
118
44
32
123
124
110
124
32
110
46
97
115
73
110
116
32
125
41
59
10
83
112
101
99
46
97
100
100
40
92
109
110
44
67
111
110
116
114
111
108
83
112
101
99
40
45
49
44
32
49
50
55
44
32
115
116
101
112
58
49
44
32
100
101
102
97
117
108
116
58
45
49
41
41
59
10
10
83
121
110
116
104
68
101
102
40
34
76
78
88
95
83
97
119
49
34
44
32
123
124
111
117
116
44
32
97
109
112
44
32
118
101
108
44
32
102
114
101
113
44
32
109
105
100
105
44
32
112
97
110
44
32
103
97
116
101
61
49
44
32
115
101
110
100
79
117
116
44
32
115
101
110
100
65
109
112
44
10
9
9
9
9
9
98
112
109
44
32
99
108
111
99
107
44
32
105
95
99
108
111
99
107
44
32
112
111
108
108
44
32
100
117
114
61
49
44
32
108
102
111
65
109
112
44
108
102
111
70
114
101
113
44
10
9
9
9
9
9
97
44
100
44
115
44
114
44
32
116
114
97
110
115
44
10
9
9
9
9
9
97
49
44
100
49
44
115
49
44
114
49
44
32
97
50
44
100
50
44
115
50
44
114
50
44
32
97
51
44
100
51
44
115
51
44
114
51
44
10
9
9
9
9
9
97
52
44
100
52
44
115
52
44
114
52
44
32
97
53
44
100
53
44
115
53
44
114
53
44
32
97
54
44
100
54
44
115
54
44
114
54
44
10
9
9
9
9
9
109
49
44
109
50
44
109
51
44
109
52
44
109
53
44
109
54
44
109
111
100
44
118
101
108
77
111
100
44
10
9
9
9
9
9
101
49
49
44
101
49
50
44
101
49
51
44
101
49
52
44
101
49
53
44
101
49
54
44
32
101
50
49
44
101
50
50
44
101
50
51
44
101
50
52
44
101
50
53
44
101
50
54
44
10
9
9
9
9
9
101
51
49
44
101
51
50
44
101
51
51
44
101
51
52
44
101
51
53
44
101
51
54
44
32
101
52
49
44
101
52
50
44
101
52
51
44
101
52
52
44
101
52
53
44
101
52
54
44
10
9
9
9
9
9
101
53
49
44
101
53
50
44
101
53
51
44
101
53
52
44
101
53
53
44
101
53
54
44
32
101
54
49
44
101
54
50
44
101
54
51
44
101
54
52
44
101
54
53
44
101
54
54
44
10
9
9
9
9
9
116
49
44
116
50
44
116
51
44
116
52
44
116
53
44
116
54
44
32
117
49
44
117
50
44
117
51
44
117
52
44
117
53
44
117
54
44
10
9
9
9
9
9
118
49
44
118
50
44
118
51
44
118
52
44
118
53
44
118
54
44
32
102
49
44
102
50
44
102
51
44
102
52
44
102
53
44
102
54
44
10
9
9
9
9
9
112
49
44
112
50
44
112
51
44
112
52
44
112
53
44
112
54
10
9
9
9
9
9
124
10
9
9
9
9
9
10
9
118
97
114
32
115
105
103
110
97
108
44
32
99
116
108
115
44
32
109
111
100
115
44
32
99
104
97
110
115
59
10
9
10
9
118
97
114
32
109
61
109
111
100
43
40
118
101
108
42
118
101
108
77
111
100
42
42
52
42
49
48
41
59
10
9
10
9
118
97
114
32
101
49
32
61
32
69
110
118
71
101
110
46
107
114
40
69
110
118
46
97
100
115
114
40
97
49
44
100
49
42
50
44
115
49
44
114
49
42
52
41
46
114
101
108
101
97
115
101
78
111
100
101
95
40
50
41
32
44
32
103
97
116
101
44
32
49
44
32
48
44
32
100
117
114
41
32
42
32
40
109
49
42
109
41
59
10
9
118
97
114
32
101
50
32
61
32
69
110
118
71
101
110
46
107
114
40
69
110
118
46
97
100
115
114
40
97
50
44
100
50
42
50
44
115
50
44
114
50
42
52
41
46
114
101
108
101
97
115
101
78
111
100
101
95
40
50
41
32
44
32
103
97
116
101
44
32
49
44
32
48
44
32
100
117
114
41
32
42
32
40
109
50
42
109
41
59
10
9
118
97
114
32
101
51
32
61
32
69
110
118
71
101
110
46
107
114
40
69
110
118
46
97
100
115
114
40
97
51
44
100
51
42
50
44
115
51
44
114
51
42
52
41
46
114
101
108
101
97
115
101
78
111
100
101
95
40
50
41
32
44
32
103
97
116
101
44
32
49
44
32
48
44
32
100
117
114
41
32
42
32
40
109
51
42
109
41
59
10
9
118
97
114
32
101
52
32
61
32
69
110
118
71
101
110
46
107
114
40
69
110
118
46
97
100
115
114
40
97
52
44
100
52
42
50
44
115
52
44
114
52
42
52
41
46
114
101
108
101
97
115
101
78
111
100
101
95
40
50
41
32
44
32
103
97
116
101
44
32
49
44
32
48
44
32
100
117
114
41
32
42
32
40
109
52
42
109
41
59
10
9
118
97
114
32
101
53
32
61
32
69
110
118
71
101
110
46
107
114
40
69
110
118
46
97
100
115
114
40
97
53
44
100
53
42
50
44
115
53
44
114
53
42
52
41
46
114
101
108
101
97
115
101
78
111
100
101
95
40
50
41
32
44
32
103
97
116
101
44
32
49
44
32
48
44
32
100
117
114
41
32
42
32
40
109
53
42
109
41
59
10
9
118
97
114
32
101
54
32
61
32
69
110
118
71
101
110
46
107
114
40
69
110
118
46
97
100
115
114
40
97
54
44
100
54
42
50
44
115
54
44
114
54
42
52
41
46
114
101
108
101
97
115
101
78
111
100
101
95
40
50
41
32
44
32
103
97
116
101
44
32
49
44
32
48
44
32
100
117
114
41
32
42
32
40
109
54
42
109
41
59
10
9
10
9
118
97
114
32
101
32
61
32
91
48
44
101
49
44
101
50
44
101
51
44
101
52
44
101
53
44
101
54
93
59
32
47
47
32
48
32
105
115
32
48
32
38
32
49
45
54
32
105
115
32
101
49
45
54
10
9
10
9
118
97
114
32
97
109
112
67
111
109
112
32
61
32
65
109
112
67
111
109
112
46
107
114
40
40
109
105
100
105
32
43
32
116
114
97
110
115
41
46
109
105
100
105
99
112
115
44
32
51
48
48
44
48
46
51
51
41
59
10
9
10
9
47
47
97
109
112
67
111
109
112
61
49
59
10
9
10
9
109
105
100
105
32
61
32
109
105
100
105
32
43
32
116
114
97
110
115
32
43
32
83
105
110
79
115
99
46
107
114
40
108
102
111
70
114
101
113
44
48
44
108
102
111
65
109
112
41
59
32
47
47
32
43
32
116
114
97
110
115
32
38
32
108
102
111
10
9
10
9
99
116
108
115
32
61
32
91
32
47
47
32
102
114
101
113
44
112
104
97
115
101
44
97
109
112
10
9
9
91
40
40
40
109
105
100
105
43
116
49
41
42
40
102
49
60
48
41
41
32
43
32
40
102
49
42
40
102
49
62
61
48
41
41
32
43
32
117
49
41
46
109
105
100
105
99
112
115
44
32
48
44
32
49
93
44
32
47
47
32
115
101
108
101
99
116
32
102
105
120
101
100
32
111
114
32
116
114
97
110
115
112
111
115
101
10
9
9
91
40
40
40
109
105
100
105
43
116
50
41
42
40
102
50
60
48
41
41
32
43
32
40
102
50
42
40
102
50
62
61
48
41
41
32
43
32
117
50
41
46
109
105
100
105
99
112
115
44
32
48
44
32
49
93
44
32
10
9
9
91
40
40
40
109
105
100
105
43
116
51
41
42
40
102
51
60
48
41
41
32
43
32
40
102
51
42
40
102
51
62
61
48
41
41
32
43
32
117
51
41
46
109
105
100
105
99
112
115
44
32
48
44
32
49
93
44
10
9
9
91
40
40
40
109
105
100
105
43
116
52
41
42
40
102
52
60
48
41
41
32
43
32
40
102
52
42
40
102
52
62
61
48
41
41
32
43
32
117
52
41
46
109
105
100
105
99
112
115
44
32
48
44
32
49
93
44
10
9
9
91
40
40
40
109
105
100
105
43
116
53
41
42
40
102
53
60
48
41
41
32
43
32
40
102
53
42
40
102
53
62
61
48
41
41
32
43
32
117
53
41
46
109
105
100
105
99
112
115
44
32
48
44
32
49
93
44
10
9
9
91
40
40
40
109
105
100
105
43
116
54
41
42
40
102
54
60
48
41
41
32
43
32
40
102
54
42
40
102
54
62
61
48
41
41
32
43
32
117
54
41
46
109
105
100
105
99
112
115
44
32
48
44
32
49
93
44
10
9
93
59
10
9
10
9
109
111
100
115
32
61
32
91
32
47
47
32
115
101
108
101
99
116
32
119
105
116
104
32
101
110
118
32
102
111
114
32
101
97
99
104
32
112
97
114
116
32
111
102
32
116
104
101
32
109
97
120
116
105
120
10
9
9
91
83
101
108
101
99
116
46
107
114
40
101
49
49
44
101
41
44
32
83
101
108
101
99
116
46
107
114
40
101
49
50
44
101
41
44
32
83
101
108
101
99
116
46
107
114
40
101
49
51
44
101
41
44
10
9
9
32
83
101
108
101
99
116
46
107
114
40
101
49
52
44
101
41
44
32
83
101
108
101
99
116
46
107
114
40
101
49
53
44
101
41
44
32
83
101
108
101
99
116
46
107
114
40
101
49
54
44
101
41
93
44
10
9
9
91
83
101
108
101
99
116
46
107
114
40
101
50
49
44
101
41
44
32
83
101
108
101
99
116
46
107
114
40
101
50
50
44
101
41
44
32
83
101
108
101
99
116
46
107
114
40
101
50
51
44
101
41
44
10
9
9
32
83
101
108
101
99
116
46
107
114
40
101
50
52
44
101
41
44
32
83
101
108
101
99
116
46
107
114
40
101
50
53
44
101
41
44
32
83
101
108
101
99
116
46
107
114
40
101
50
54
44
101
41
93
44
10
9
9
91
83
101
108
101
99
116
46
107
114
40
101
51
49
44
101
41
44
32
83
101
108
101
99
116
46
107
114
40
101
51
50
44
101
41
44
32
83
101
108
101
99
116
46
107
114
40
101
51
51
44
101
41
44
10
9
9
32
83
101
108
101
99
116
46
107
114
40
101
51
52
44
101
41
44
32
83
101
108
101
99
116
46
107
114
40
101
51
53
44
101
41
44
32
83
101
108
101
99
116
46
107
114
40
101
51
54
44
101
41
93
44
10
9
9
91
83
101
108
101
99
116
46
107
114
40
101
52
49
44
101
41
44
32
83
101
108
101
99
116
46
107
114
40
101
52
50
44
101
41
44
32
83
101
108
101
99
116
46
107
114
40
101
52
51
44
101
41
44
10
9
9
32
83
101
108
101
99
116
46
107
114
40
101
52
52
44
101
41
44
32
83
101
108
101
99
116
46
107
114
40
101
52
53
44
101
41
44
32
83
101
108
101
99
116
46
107
114
40
101
52
54
44
101
41
93
44
10
9
9
91
83
101
108
101
99
116
46
107
114
40
101
53
49
44
101
41
44
32
83
101
108
101
99
116
46
107
114
40
101
53
50
44
101
41
44
32
83
101
108
101
99
116
46
107
114
40
101
53
51
44
101
41
44
10
9
9
32
83
101
108
101
99
116
46
107
114
40
101
53
52
44
101
41
44
32
83
101
108
101
99
116
46
107
114
40
101
53
53
44
101
41
44
32
83
101
108
101
99
116
46
107
114
40
101
53
54
44
101
41
93
44
10
9
9
91
83
101
108
101
99
116
46
107
114
40
101
54
49
44
101
41
44
32
83
101
108
101
99
116
46
107
114
40
101
54
50
44
101
41
44
32
83
101
108
101
99
116
46
107
114
40
101
54
51
44
101
41
44
10
9
9
32
83
101
108
101
99
116
46
107
114
40
101
54
52
44
101
41
44
32
83
101
108
101
99
116
46
107
114
40
101
54
53
44
101
41
44
32
83
101
108
101
99
116
46
107
114
40
101
54
54
44
101
41
93
10
9
93
59
10
9
10
9
115
105
103
110
97
108
32
61
32
70
77
55
46
97
114
40
99
116
108
115
44
32
109
111
100
115
41
32
42
32
91
118
49
44
118
50
44
118
51
44
118
52
44
118
53
44
118
54
93
59
32
47
47
32
116
104
101
32
70
77
55
32
117
103
101
110
10
9
10
9
47
47
32
112
97
110
32
116
104
101
32
111
115
99
105
108
97
116
111
114
115
10
9
115
105
103
110
97
108
32
61
32
80
97
110
50
46
97
114
40
115
105
103
110
97
108
91
48
93
44
32
112
49
41
32
43
32
80
97
110
50
46
97
114
40
115
105
103
110
97
108
91
49
93
44
32
112
50
41
32
43
32
80
97
110
50
46
97
114
40
115
105
103
110
97
108
91
50
93
44
32
112
51
41
10
9
32
32
32
32
32
32
32
43
32
80
97
110
50
46
97
114
40
115
105
103
110
97
108
91
51
93
44
32
112
52
41
32
43
32
80
97
110
50
46
97
114
40
115
105
103
110
97
108
91
52
93
44
32
112
53
41
32
43
32
80
97
110
50
46
97
114
40
115
105
103
110
97
108
91
53
93
44
32
112
54
41
59
10
9
10
9
47
47
32
97
112
112
108
121
32
116
104
101
32
109
97
115
116
101
114
32
101
110
118
101
108
111
112
101
10
9
115
105
103
110
97
108
32
61
32
115
105
103
110
97
108
32
42
32
69
110
118
71
101
110
46
97
114
40
69
110
118
46
97
100
115
114
40
97
44
100
42
50
44
115
44
114
42
52
41
46
114
101
108
101
97
115
101
78
111
100
101
95
40
50
41
32
44
32
103
97
116
101
44
10
9
9
118
101
108
32
42
32
97
109
112
67
111
109
112
10
9
9
10
9
44
32
48
44
32
100
117
114
44
32
50
41
59
10
10
9
47
47
32
115
101
110
100
32
111
117
116
10
9
76
78
88
95
79
117
116
40
115
105
103
110
97
108
44
32
111
117
116
44
32
97
109
112
32
42
32
45
49
48
46
100
98
97
109
112
44
32
112
97
110
44
32
115
101
110
100
79
117
116
44
32
115
101
110
100
65
109
112
41
59
10
9
10
9
47
47
32
115
105
103
110
97
108
46
112
111
108
108
40
112
111
108
108
41
59
32
47
47
32
117
115
101
32
102
111
114
32
100
101
98
117
103
103
105
110
103
10
9
10
125
44
32
109
101
116
97
100
97
116
97
58
32
40
32
115
112
101
99
115
58
32
40
10
10
47
47
32
97
108
108
32
116
104
101
32
109
101
116
97
100
97
116
97
10
10
102
105
108
116
70
114
101
113
58
32
92
102
114
101
113
44
32
113
58
32
92
117
110
105
112
111
108
97
114
44
10
10
116
114
97
110
115
58
92
116
52
44
32
116
49
58
92
116
52
32
44
32
116
50
58
92
116
52
44
32
116
51
58
92
116
52
44
32
116
52
58
92
116
52
44
32
116
53
58
92
116
52
44
32
116
54
58
92
116
52
44
10
10
108
102
111
70
114
101
113
58
92
108
111
119
70
114
101
113
44
32
108
102
111
65
109
112
58
92
117
110
105
112
111
108
97
114
44
32
109
111
100
58
91
48
44
49
48
93
44
10
10
109
111
100
58
91
48
44
49
48
44
52
93
44
10
10
101
49
49
58
92
101
110
118
44
101
49
50
58
92
101
110
118
44
101
49
51
58
92
101
110
118
44
101
49
52
58
92
101
110
118
44
101
49
53
58
92
101
110
118
44
101
49
54
58
92
101
110
118
44
32
10
101
50
49
58
92
101
110
118
44
101
50
50
58
92
101
110
118
44
101
50
51
58
92
101
110
118
44
101
50
52
58
92
101
110
118
44
101
50
53
58
92
101
110
118
44
101
50
54
58
92
101
110
118
44
10
101
51
49
58
92
101
110
118
44
101
51
50
58
92
101
110
118
44
101
51
51
58
92
101
110
118
44
101
51
52
58
92
101
110
118
44
101
51
53
58
92
101
110
118
44
101
51
54
58
92
101
110
118
44
10
101
52
49
58
92
101
110
118
44
101
52
50
58
92
101
110
118
44
101
52
51
58
92
101
110
118
44
101
52
52
58
92
101
110
118
44
101
52
53
58
92
101
110
118
44
101
52
54
58
92
101
110
118
44
10
101
53
49
58
92
101
110
118
44
101
53
50
58
92
101
110
118
44
101
53
51
58
92
101
110
118
44
101
53
52
58
92
101
110
118
44
101
53
53
58
92
101
110
118
44
101
53
54
58
92
101
110
118
44
10
101
54
49
58
92
101
110
118
44
101
54
50
58
92
101
110
118
44
101
54
51
58
92
101
110
118
44
101
54
52
58
92
101
110
118
44
101
54
53
58
92
101
110
118
44
101
54
54
58
92
101
110
118
44
10
10
117
49
58
92
98
105
112
111
108
97
114
44
117
50
58
92
98
105
112
111
108
97
114
44
117
51
58
92
98
105
112
111
108
97
114
44
117
52
58
92
98
105
112
111
108
97
114
44
117
53
58
92
98
105
112
111
108
97
114
44
117
54
58
92
98
105
112
111
108
97
114
44
10
10
102
49
58
92
109
110
44
102
50
58
92
109
110
44
102
51
58
92
109
110
44
102
52
58
92
109
110
44
102
53
58
92
109
110
44
102
54
58
92
109
110
44
10
10
112
49
58
92
112
97
110
44
112
50
58
92
112
97
110
44
112
51
58
92
112
97
110
44
112
52
58
92
112
97
110
44
112
53
58
92
112
97
110
44
112
54
58
92
112
97
110
10
10
41
41
41
10
10
32
3
106
volume
MVC_SmoothSlider
*** MVC_View Document v1 ***
12
0
580
15
30
95
backgroundDisabled
0.25
0.25
0.25
1
numberDown
1
1
1
1
midiLearn
0
1
1
1
background
0
0
0
0.37662337662338
hilite
0.79315043604651
0.6890140503876
1
0.38593144379845
knob
1
0.73934108527132
0.90988372093023
1
border
0
0
0
1
numberUp
0
0
0
1
knobDisabled
0.6
0.6
0.6
1
label
1
1
1
1
disabled
0.3
0.3
0.3
1
focus
1
0
0
1
*** END MVC_View Document ***
pan
MVC_MyKnob3
*** MVC_View Document v1 ***
10
0
580
140
26
26
pin
0
0
0
1
background
0
0
0
0.5
numberUp
0
0
0
1
off
0
0
0
1
on
0.85131304479406
0.77731346899225
1
1
midiLearn
0
1
1
1
numberDown
1
1
1
1
label
1
1
1
1
disabled
0.3
0.3
0.3
1
focus
0
0
0
0
*** END MVC_View Document ***
sendAmp
MVC_MyKnob3
*** MVC_View Document v1 ***
10
0
580
215
26
26
pin
0
0
0
1
background
0
0
0
0.5
numberUp
0
0
0
1
off
0
0
0
1
on
0.85131304479406
0.77731346899225
1
1
midiLearn
0
1
1
1
numberDown
1
1
1
1
label
1
1
1
1
disabled
0.3
0.3
0.3
1
focus
0
0
0
0
*** END MVC_View Document ***
42
MVC_MyKnob3
0.48283203125
*** MVC_View Document v1 ***
10
0
30
290
25
25
pin
0
0
0
1
background
0
0
0
0.5
numberUp
0
0
0
1
off
0
0
0
1
on
0.85131304479406
0.77731346899225
1
1
midiLearn
0
1
1
1
numberDown
1
0.5
0
1
label
1
1
1
1
disabled
0.3
0.3
0.3
1
focus
0
0
0
0
*** END MVC_View Document ***
98
MVC_MyKnob
0.30931640625
*** MVC_View Document v1 ***
9
0
480
240
25
25
pin
0
0
0
1
numberUp
0
0
0
1
off
0
0
0
1
on
0.85131304479406
0.77731346899225
1
1
midiLearn
0
1
1
1
numberDown
1
0.5
0
1
label
1
1
1
1
disabled
0.3
0.3
0.3
1
focus
0
0
0
0
*** END MVC_View Document ***
52
MVC_MyKnob3
0.4489453125
*** MVC_View Document v1 ***
10
0
165
190
40
40
pin
0
0
0
1
background
0
0
0
0.5
numberUp
0
0
0
1
off
0
0
0
1
on
0.85131304479406
0.77731346899225
1
1
midiLearn
0
1
1
1
numberDown
1
0.5
0
1
label
1
1
1
1
disabled
0.3
0.3
0.3
1
focus
0
0
0
0
*** END MVC_View Document ***
44
MVC_MyKnob3
0
*** MVC_View Document v1 ***
10
0
80
290
25
25
pin
0
0
0
1
background
0
0
0
0.5
numberUp
0
0
0
1
off
0
0
0
1
on
0.85131304479406
0.77731346899225
1
1
midiLearn
0
1
1
1
numberDown
1
0.5
0
1
label
1
1
1
1
disabled
0.3
0.3
0.3
1
focus
0
0
0
0
*** END MVC_View Document ***
37
MVC_MyKnob3
0.23578125
*** MVC_View Document v1 ***
10
0
5
235
25
25
pin
0
0
0
1
background
0
0
0
0.5
numberUp
0
0
0
1
off
0
0
0
1
on
0.85131304479406
0.77731346899225
1
1
midiLearn
0
1
1
1
numberDown
1
0.5
0
1
label
1
1
1
1
disabled
0.3
0.3
0.3
1
focus
0
0
0
0
*** END MVC_View Document ***
78
MVC_NumberBox
3
*** MVC_View Document v1 ***
10
0
250
180
20
20
background
1
1
0.9
1
numberUp
0
0
0
1
backgroundDisabled
0.25
0.25
0.25
1
string
0
0
0
1
typing
1
0.5
0
1
numberDown
1
0.5
0
1
midiLearn
0
1
1
1
label
1
1
1
1
disabled
0.3
0.3
0.3
1
focus
0
0
0
0
*** END MVC_View Document ***
22
MVC_MyKnob3
0.4371875
*** MVC_View Document v1 ***
10
0
30
15
25
25
pin
0
0
0
1
background
0
0
0
0.5
numberUp
0
0
0
1
off
0
0
0
1
on
0.85131304479406
0.77731346899225
1
1
midiLearn
0
1
1
1
numberDown
1
0.5
0
1
label
1
1
1
1
disabled
0.3
0.3
0.3
1
focus
0
0
0
0
*** END MVC_View Document ***
75
MVC_NumberBox
5
*** MVC_View Document v1 ***
10
0
340
140
20
20
background
1
1
0.9
1
numberUp
0
0
0
1
backgroundDisabled
0.25
0.25
0.25
1
string
0
0
0
1
typing
1
0.5
0
1
numberDown
1
0.5
0
1
midiLearn
0
1
1
1
label
1
1
1
1
disabled
0.3
0.3
0.3
1
focus
0
0
0
0
*** END MVC_View Document ***
110
MVC_NoteView
-1
*** MVC_View Document v1 ***
9
0
480
195
25
25
background
0.16666666666667
0.16666666666667
0.16666666666667
1
border
0
0
0
1
numberUp
0
0
0
1
string
1
1
1
1
numberDown
1
0.5
0
1
midiLearn
0
1
1
1
label
1
1
1
1
disabled
0.3
0.3
0.3
1
focus
0
0
0
0
*** END MVC_View Document ***
19
MVC_MyKnob
0.37529296875
*** MVC_View Document v1 ***
9
0
210
285
30
30
pin
0
0
0
1
numberUp
0
0
0
1
off
0
0
0
1
on
0.85131304479406
0.77731346899225
1
1
midiLearn
0
1
1
1
numberDown
1
0.5
0
1
label
1
1
1
1
disabled
0.3
0.3
0.3
1
focus
0
0
0
0
*** END MVC_View Document ***
108
MVC_NoteView
-1
*** MVC_View Document v1 ***
9
0
430
195
25
25
background
0.16666666666667
0.16666666666667
0.16666666666667
1
border
0
0
0
1
numberUp
0
0
0
1
string
1
1
1
1
numberDown
1
0.5
0
1
midiLearn
0
1
1
1
label
1
1
1
1
disabled
0.3
0.3
0.3
1
focus
0
0
0
0
*** END MVC_View Document ***
64
MVC_NumberBox
4
*** MVC_View Document v1 ***
10
0
370
60
20
20
background
1
1
0.9
1
numberUp
0
0
0
1
backgroundDisabled
0.25
0.25
0.25
1
string
0
0
0
1
typing
1
0.5
0
1
numberDown
1
0.5
0
1
midiLearn
0
1
1
1
label
1
1
1
1
disabled
0.3
0.3
0.3
1
focus
0
0
0
0
*** END MVC_View Document ***
85
MVC_NumberBox
0
*** MVC_View Document v1 ***
10
0
280
220
20
20
background
1
1
0.9
1
numberUp
0
0
0
1
backgroundDisabled
0.25
0.25
0.25
1
string
0
0
0
1
typing
1
0.5
0
1
numberDown
1
0.5
0
1
midiLearn
0
1
1
1
label
1
1
1
1
disabled
0.3
0.3
0.3
1
focus
0
0
0
0
*** END MVC_View Document ***
57
MVC_NumberBox
2
*** MVC_View Document v1 ***
10
0
340
20
20
20
background
1
1
0.9
1
numberUp
0
0
0
1
backgroundDisabled
0.25
0.25
0.25
1
string
0
0
0
1
typing
1
0.5
0
1
numberDown
1
0.5
0
1
midiLearn
0
1
1
1
label
1
1
1
1
disabled
0.3
0.3
0.3
1
focus
0
0
0
0
*** END MVC_View Document ***
67
MVC_NumberBox
2
*** MVC_View Document v1 ***
10
0
280
100
20
20
background
0.39256298449612
0.39256298449612
0.35330668604651
1
numberUp
0
0
0
1
backgroundDisabled
0.25
0.25
0.25
1
string
1
1
0.9
1
typing
1
0.5
0
1
numberDown
1
0.5
0
1
midiLearn
0
1
1
1
label
1
1
1
1
disabled
0.3
0.3
0.3
1
focus
0
0
0
0
*** END MVC_View Document ***
56
MVC_NumberBox
0
*** MVC_View Document v1 ***
10
0
310
20
20
20
background
1
1
0.9
1
numberUp
0
0
0
1
backgroundDisabled
0.25
0.25
0.25
1
string
0
0
0
1
typing
1
0.5
0
1
numberDown
1
0.5
0
1
midiLearn
0
1
1
1
label
1
1
1
1
disabled
0.3
0.3
0.3
1
focus
0
0
0
0
*** END MVC_View Document ***
97
MVC_MyKnob
-0.181416015625
*** MVC_View Document v1 ***
9
0
455
240
25
25
pin
0
0
0
1
numberUp
0
0
0
1
off
0
0
0
1
on
0.85131304479406
0.77731346899225
1
1
midiLearn
0
1
1
1
numberDown
1
0.5
0
1
label
1
1
1
1
disabled
0.3
0.3
0.3
1
focus
0
0
0
0
*** END MVC_View Document ***
102
MVC_SmoothSlider
0
*** MVC_View Document v1 ***
12
0
430
15
25
95
backgroundDisabled
0.25
0.25
0.25
1
numberDown
1
0.5
0
1
midiLearn
0
1
1
1
background
0
0
0
0.37662337662338
hilite
0.79315043604651
0.6890140503876
1
0.38593144379845
knob
1
0.73934108527132
0.90988372093023
1
border
0
0
0
1
numberUp
0
0
0
1
knobDisabled
0.6
0.6
0.6
1
label
1
1
1
1
disabled
0.3
0.3
0.3
1
focus
0
0
0
0
*** END MVC_View Document ***
96
MVC_MyKnob
0.21875
*** MVC_View Document v1 ***
9
0
430
240
25
25
pin
0
0
0
1
numberUp
0
0
0
1
off
0
0
0
1
on
0.85131304479406
0.77731346899225
1
1
midiLearn
0
1
1
1
numberDown
1
0.5
0
1
label
1
1
1
1
disabled
0.3
0.3
0.3
1
focus
0
0
0
0
*** END MVC_View Document ***
36
MVC_MyKnob3
0.8159375
*** MVC_View Document v1 ***
10
0
80
180
25
25
pin
0
0
0
1
background
0
0
0
0.5
numberUp
0
0
0
1
off
0
0
0
1
on
0.85131304479406
0.77731346899225
1
1
midiLearn
0
1
1
1
numberDown
1
0.5
0
1
label
1
1
1
1
disabled
0.3
0.3
0.3
1
focus
0
0
0
0
*** END MVC_View Document ***
31
MVC_MyKnob3
0.18376953125
*** MVC_View Document v1 ***
10
0
55
125
25
25
pin
0
0
0
1
background
0
0
0
0.5
numberUp
0
0
0
1
off
0
0
0
1
on
0.85131304479406
0.77731346899225
1
1
midiLearn
0
1
1
1
numberDown
1
0.5
0
1
label
1
1
1
1
disabled
0.3
0.3
0.3
1
focus
0
0
0
0
*** END MVC_View Document ***
48
MVC_SmoothSlider
0.67986505681818
*** MVC_View Document v1 ***
12
0
130
90
50
20
backgroundDisabled
0.25
0.25
0.25
1
numberDown
1
0.5
0
1
midiLearn
0
1
1
1
background
0
0
0
0.37662337662338
hilite
0.79315043604651
0.6890140503876
1
0.38593144379845
knob
1
0.73934108527132
0.90988372093023
1
border
0
0
0
1
numberUp
0
0
0
1
knobDisabled
0.6
0.6
0.6
1
label
1
1
1
1
disabled
0.3
0.3
0.3
1
focus
0
0
0
0
*** END MVC_View Document ***
70
MVC_NumberBox
3
*** MVC_View Document v1 ***
10
0
370
100
20
20
background
1
1
0.9
1
numberUp
0
0
0
1
backgroundDisabled
0.25
0.25
0.25
1
string
0
0
0
1
typing
1
0.5
0
1
numberDown
1
0.5
0
1
midiLearn
0
1
1
1
label
1
1
1
1
disabled
0.3
0.3
0.3
1
focus
0
0
0
0
*** END MVC_View Document ***
61
MVC_NumberBox
1
*** MVC_View Document v1 ***
10
0
280
60
20
20
background
1
1
0.9
1
numberUp
0
0
0
1
backgroundDisabled
0.25
0.25
0.25
1
string
0
0
0
1
typing
1
0.5
0
1
numberDown
1
0.5
0
1
midiLearn
0
1
1
1
label
1
1
1
1
disabled
0.3
0.3
0.3
1
focus
0
0
0
0
*** END MVC_View Document ***
35
MVC_MyKnob3
0.45126953125
*** MVC_View Document v1 ***
10
0
55
180
25
25
pin
0
0
0
1
background
0
0
0
0.5
numberUp
0
0
0
1
off
0
0
0
1
on
0.85131304479406
0.77731346899225
1
1
midiLearn
0
1
1
1
numberDown
1
0.5
0
1
label
1
1
1
1
disabled
0.3
0.3
0.3
1
focus
0
0
0
0
*** END MVC_View Document ***
13
MVC_MyKnob
0.6651953125
*** MVC_View Document v1 ***
9
0
245
285
30
30
pin
0
0
0
1
numberUp
0
0
0
1
off
0
0
0
1
on
0.85131304479406
0.77731346899225
1
1
midiLearn
0
1
1
1
numberDown
1
0.5
0
1
label
1
1
1
1
disabled
0.3
0.3
0.3
1
focus
0
0
0
0
*** END MVC_View Document ***
16
MVC_MyKnob
0
*** MVC_View Document v1 ***
9
0
120
285
30
30
pin
0
0
0
1
numberUp
0
0
0
1
off
0
0
0
1
on
0.85131304479406
0.77731346899225
1
1
midiLearn
0
1
1
1
numberDown
1
0.5
0
1
label
1
1
1
1
disabled
0.3
0.3
0.3
1
focus
0
0
0
0
*** END MVC_View Document ***
80
MVC_NumberBox
0
*** MVC_View Document v1 ***
10
0
310
180
20
20
background
1
1
0.9
1
numberUp
0
0
0
1
backgroundDisabled
0.25
0.25
0.25
1
string
0
0
0
1
typing
1
0.5
0
1
numberDown
1
0.5
0
1
midiLearn
0
1
1
1
label
1
1
1
1
disabled
0.3
0.3
0.3
1
focus
0
0
0
0
*** END MVC_View Document ***
69
MVC_NumberBox
3
*** MVC_View Document v1 ***
10
0
340
100
20
20
background
1
1
0.9
1
numberUp
0
0
0
1
backgroundDisabled
0.25
0.25
0.25
1
string
0
0
0
1
typing
1
0.5
0
1
numberDown
1
0.5
0
1
midiLearn
0
1
1
1
label
1
1
1
1
disabled
0.3
0.3
0.3
1
focus
0
0
0
0
*** END MVC_View Document ***
83
MVC_NumberBox
0
*** MVC_View Document v1 ***
10
0
220
220
20
20
background
1
1
0.9
1
numberUp
0
0
0
1
backgroundDisabled
0.25
0.25
0.25
1
string
0
0
0
1
typing
1
0.5
0
1
numberDown
1
0.5
0
1
midiLearn
0
1
1
1
label
1
1
1
1
disabled
0.3
0.3
0.3
1
focus
0
0
0
0
*** END MVC_View Document ***
90
MVC_MyKnob
-24
*** MVC_View Document v1 ***
9
0
430
295
25
25
pin
0
0
0
1
numberUp
0
0
0
1
off
0
0
0
1
on
0.85131304479406
0.77731346899225
1
1
midiLearn
0
1
1
1
numberDown
1
0.5
0
1
label
1
1
1
1
disabled
0.3
0.3
0.3
1
focus
0
0
0
0
*** END MVC_View Document ***
34
MVC_MyKnob3
0.78572265625
*** MVC_View Document v1 ***
10
0
30
180
25
25
pin
0
0
0
1
background
0
0
0
0.5
numberUp
0
0
0
1
off
0
0
0
1
on
0.85131304479406
0.77731346899225
1
1
midiLearn
0
1
1
1
numberDown
1
0.5
0
1
label
1
1
1
1
disabled
0.3
0.3
0.3
1
focus
0
0
0
0
*** END MVC_View Document ***
74
MVC_NumberBox
2
*** MVC_View Document v1 ***
10
0
310
140
20
20
background
0.4405886627907
0.4405886627907
0.39652979651163
1
numberUp
0
0
0
1
backgroundDisabled
0.25
0.25
0.25
1
string
1
1
0.9
1
typing
1
0.5
0
1
numberDown
1
0.5
0
1
midiLearn
0
1
1
1
label
1
1
1
1
disabled
0.3
0.3
0.3
1
focus
0
0
0
0
*** END MVC_View Document ***
84
MVC_NumberBox
2
*** MVC_View Document v1 ***
10
0
250
220
20
20
background
1
1
0.9
1
numberUp
0
0
0
1
backgroundDisabled
0.25
0.25
0.25
1
string
0
0
0
1
typing
1
0.5
0
1
numberDown
1
0.5
0
1
midiLearn
0
1
1
1
label
1
1
1
1
disabled
0.3
0.3
0.3
1
focus
0
0
0
0
*** END MVC_View Document ***
82
MVC_NumberBox
1
*** MVC_View Document v1 ***
10
0
370
180
20
20
background
1
1
0.9
1
numberUp
0
0
0
1
backgroundDisabled
0.25
0.25
0.25
1
string
0
0
0
1
typing
1
0.5
0
1
numberDown
1
0.5
0
1
midiLearn
0
1
1
1
label
1
1
1
1
disabled
0.3
0.3
0.3
1
focus
0
0
0
0
*** END MVC_View Document ***
113
MVC_MyKnob
0.11234375
*** MVC_View Document v1 ***
9
0
405
140
25
25
pin
0
0
0
1
numberUp
0
0
0
1
off
0
0
0
1
on
0.85131304479406
0.77731346899225
1
1
midiLearn
0
1
1
1
numberDown
1
0.5
0
1
label
1
1
1
1
disabled
0.3
0.3
0.3
1
focus
0
0
0
0
*** END MVC_View Document ***
39
MVC_MyKnob3
0.34138671875
*** MVC_View Document v1 ***
10
0
55
235
25
25
pin
0
0
0
1
background
0
0
0
0.5
numberUp
0
0
0
1
off
0
0
0
1
on
0.85131304479406
0.77731346899225
1
1
midiLearn
0
1
1
1
numberDown
1
0.5
0
1
label
1
1
1
1
disabled
0.3
0.3
0.3
1
focus
0
0
0
0
*** END MVC_View Document ***
46
MVC_SmoothSlider
0.82936789772727
*** MVC_View Document v1 ***
12
0
130
40
50
20
backgroundDisabled
0.25
0.25
0.25
1
numberDown
1
0.5
0
1
midiLearn
0
1
1
1
background
0
0
0
0.37662337662338
hilite
0.79315043604651
0.6890140503876
1
0.38593144379845
knob
1
0.73934108527132
0.90988372093023
1
border
0
0
0
1
numberUp
0
0
0
1
knobDisabled
0.6
0.6
0.6
1
label
1
1
1
1
disabled
0.3
0.3
0.3
1
focus
0
0
0
0
*** END MVC_View Document ***
50
MVC_SmoothSlider
0.61683238636364
*** MVC_View Document v1 ***
12
0
130
140
50
20
backgroundDisabled
0.25
0.25
0.25
1
numberDown
1
0.5
0
1
midiLearn
0
1
1
1
background
0
0
0
0.37662337662338
hilite
0.79315043604651
0.6890140503876
1
0.38593144379845
knob
1
0.73934108527132
0.90988372093023
1
border
0
0
0
1
numberUp
0
0
0
1
knobDisabled
0.6
0.6
0.6
1
label
1
1
1
1
disabled
0.3
0.3
0.3
1
focus
0
0
0
0
*** END MVC_View Document ***
106
MVC_SmoothSlider
1
*** MVC_View Document v1 ***
12
0
530
15
25
95
backgroundDisabled
0.25
0.25
0.25
1
numberDown
1
0.5
0
1
midiLearn
0
1
1
1
background
0
0
0
0.37662337662338
hilite
0.79315043604651
0.6890140503876
1
0.38593144379845
knob
1
0.73934108527132
0.90988372093023
1
border
0
0
0
1
numberUp
0
0
0
1
knobDisabled
0.6
0.6
0.6
1
label
1
1
1
1
disabled
0.3
0.3
0.3
1
focus
0
0
0
0
*** END MVC_View Document ***
58
MVC_NumberBox
4
*** MVC_View Document v1 ***
10
0
370
20
20
20
background
1
1
0.9
1
numberUp
0
0
0
1
backgroundDisabled
0.25
0.25
0.25
1
string
0
0
0
1
typing
1
0.5
0
1
numberDown
1
0.5
0
1
midiLearn
0
1
1
1
label
1
1
1
1
disabled
0.3
0.3
0.3
1
focus
0
0
0
0
*** END MVC_View Document ***
26
MVC_MyKnob3
0.18443359375
*** MVC_View Document v1 ***
10
0
30
70
25
25
pin
0
0
0
1
background
0
0
0
0.5
numberUp
0
0
0
1
off
0
0
0
1
on
0.85131304479406
0.77731346899225
1
1
midiLearn
0
1
1
1
numberDown
1
0.5
0
1
label
1
1
1
1
disabled
0.3
0.3
0.3
1
focus
0
0
0
0
*** END MVC_View Document ***
109
MVC_NoteView
38
*** MVC_View Document v1 ***
9
0
455
195
25
25
background
0.16666666666667
0.16666666666667
0.16666666666667
1
border
0
0
0
1
numberUp
0
0
0
1
string
1
1
1
1
numberDown
1
0.5
0
1
midiLearn
0
1
1
1
label
1
1
1
1
disabled
0.3
0.3
0.3
1
focus
0
0
0
0
*** END MVC_View Document ***
91
MVC_MyKnob
0
*** MVC_View Document v1 ***
9
0
455
295
25
25
pin
0
0
0
1
numberUp
0
0
0
1
off
0
0
0
1
on
0.85131304479406
0.77731346899225
1
1
midiLearn
0
1
1
1
numberDown
1
0.5
0
1
label
1
1
1
1
disabled
0.3
0.3
0.3
1
focus
0
0
0
0
*** END MVC_View Document ***
62
MVC_NumberBox
3
*** MVC_View Document v1 ***
10
0
310
60
20
20
background
1
1
0.9
1
numberUp
0
0
0
1
backgroundDisabled
0.25
0.25
0.25
1
string
0
0
0
1
typing
1
0.5
0
1
numberDown
1
0.5
0
1
midiLearn
0
1
1
1
label
1
1
1
1
disabled
0.3
0.3
0.3
1
focus
0
0
0
0
*** END MVC_View Document ***
87
MVC_NumberBox
0
*** MVC_View Document v1 ***
10
0
340
220
20
20
background
1
1
0.9
1
numberUp
0
0
0
1
backgroundDisabled
0.25
0.25
0.25
1
string
0
0
0
1
typing
1
0.5
0
1
numberDown
1
0.5
0
1
midiLearn
0
1
1
1
label
1
1
1
1
disabled
0.3
0.3
0.3
1
focus
0
0
0
0
*** END MVC_View Document ***
94
MVC_MyKnob
0
*** MVC_View Document v1 ***
9
0
530
295
25
25
pin
0
0
0
1
numberUp
0
0
0
1
off
0
0
0
1
on
0.85131304479406
0.77731346899225
1
1
midiLearn
0
1
1
1
numberDown
1
0.5
0
1
label
1
1
1
1
disabled
0.3
0.3
0.3
1
focus
0
0
0
0
*** END MVC_View Document ***
38
MVC_MyKnob3
0.56111328125
*** MVC_View Document v1 ***
10
0
30
235
25
25
pin
0
0
0
1
background
0
0
0
0.5
numberUp
0
0
0
1
off
0
0
0
1
on
0.85131304479406
0.77731346899225
1
1
midiLearn
0
1
1
1
numberDown
1
0.5
0
1
label
1
1
1
1
disabled
0.3
0.3
0.3
1
focus
0
0
0
0
*** END MVC_View Document ***
100
MVC_MyKnob
0.2036328125
*** MVC_View Document v1 ***
9
0
530
240
25
25
pin
0
0
0
1
numberUp
0
0
0
1
off
0
0
0
1
on
0.85131304479406
0.77731346899225
1
1
midiLearn
0
1
1
1
numberDown
1
0.5
0
1
label
1
1
1
1
disabled
0.3
0.3
0.3
1
focus
0
0
0
0
*** END MVC_View Document ***
27
MVC_MyKnob3
0.25787109375
*** MVC_View Document v1 ***
10
0
55
70
25
25
pin
0
0
0
1
background
0
0
0
0.5
numberUp
0
0
0
1
off
0
0
0
1
on
0.85131304479406
0.77731346899225
1
1
midiLearn
0
1
1
1
numberDown
1
0.5
0
1
label
1
1
1
1
disabled
0.3
0.3
0.3
1
focus
0
0
0
0
*** END MVC_View Document ***
116
MVC_MyKnob
-1
*** MVC_View Document v1 ***
9
0
480
140
25
25
pin
0
0
0
1
numberUp
0
0
0
1
off
0
0
0
1
on
0.85131304479406
0.77731346899225
1
1
midiLearn
0
1
1
1
numberDown
1
0.5
0
1
label
1
1
1
1
disabled
0.3
0.3
0.3
1
focus
0
0
0
0
*** END MVC_View Document ***
23
MVC_MyKnob3
0.3671875
*** MVC_View Document v1 ***
10
0
55
15
25
25
pin
0
0
0
1
background
0
0
0
0.5
numberUp
0
0
0
1
off
0
0
0
1
on
0.85131304479406
0.77731346899225
1
1
midiLearn
0
1
1
1
numberDown
1
0.5
0
1
label
1
1
1
1
disabled
0.3
0.3
0.3
1
focus
0
0
0
0
*** END MVC_View Document ***
47
MVC_SmoothSlider
0.44362571022727
*** MVC_View Document v1 ***
12
0
130
65
50
20
backgroundDisabled
0.25
0.25
0.25
1
numberDown
1
0.5
0
1
midiLearn
0
1
1
1
background
0
0
0
0.37662337662338
hilite
0.79315043604651
0.6890140503876
1
0.38593144379845
knob
1
0.73934108527132
0.90988372093023
1
border
0
0
0
1
numberUp
0
0
0
1
knobDisabled
0.6
0.6
0.6
1
label
1
1
1
1
disabled
0.3
0.3
0.3
1
focus
0
0
0
0
*** END MVC_View Document ***
68
MVC_NumberBox
5
*** MVC_View Document v1 ***
10
0
310
100
20
20
background
1
1
0.9
1
numberUp
0
0
0
1
backgroundDisabled
0.25
0.25
0.25
1
string
0
0
0
1
typing
1
0.5
0
1
numberDown
1
0.5
0
1
midiLearn
0
1
1
1
label
1
1
1
1
disabled
0.3
0.3
0.3
1
focus
0
0
0
0
*** END MVC_View Document ***
77
MVC_NumberBox
0
*** MVC_View Document v1 ***
10
0
220
180
20
20
background
1
1
0.9
1
numberUp
0
0
0
1
backgroundDisabled
0.25
0.25
0.25
1
string
0
0
0
1
typing
1
0.5
0
1
numberDown
1
0.5
0
1
midiLearn
0
1
1
1
label
1
1
1
1
disabled
0.3
0.3
0.3
1
focus
0
0
0
0
*** END MVC_View Document ***
112
MVC_NoteView
-1
*** MVC_View Document v1 ***
9
0
530
195
25
25
background
0.16666666666667
0.16666666666667
0.16666666666667
1
border
0
0
0
1
numberUp
0
0
0
1
string
1
1
1
1
numberDown
1
0.5
0
1
midiLearn
0
1
1
1
label
1
1
1
1
disabled
0.3
0.3
0.3
1
focus
0
0
0
0
*** END MVC_View Document ***
53
MVC_NumberBox
2
*** MVC_View Document v1 ***
10
0
220
20
20
20
background
0.42959665697674
0.42959665697674
0.38663699127907
1
numberUp
0
0
0
1
backgroundDisabled
0.25
0.25
0.25
1
string
1
1
0.9
1
typing
1
0.5
0
1
numberDown
1
0.5
0
1
midiLearn
0
1
1
1
label
1
1
1
1
disabled
0.3
0.3
0.3
1
focus
0
0
0
0
*** END MVC_View Document ***
81
MVC_NumberBox
2
*** MVC_View Document v1 ***
10
0
340
180
20
20
background
0.35107800387597
0.35107800387597
0.31597020348837
1
numberUp
0
0
0
1
backgroundDisabled
0.25
0.25
0.25
1
string
1
1
0.9
1
typing
1
0.5
0
1
numberDown
1
0.5
0
1
midiLearn
0
1
1
1
label
1
1
1
1
disabled
0.3
0.3
0.3
1
focus
0
0
0
0
*** END MVC_View Document ***
65
MVC_NumberBox
4
*** MVC_View Document v1 ***
10
0
220
100
20
20
background
1
1
0.9
1
numberUp
0
0
0
1
backgroundDisabled
0.25
0.25
0.25
1
string
0
0
0
1
typing
1
0.5
0
1
numberDown
1
0.5
0
1
midiLearn
0
1
1
1
label
1
1
1
1
disabled
0.3
0.3
0.3
1
focus
0
0
0
0
*** END MVC_View Document ***
18
MVC_MyKnob
0.5160546875
*** MVC_View Document v1 ***
9
0
180
285
30
30
pin
0
0
0
1
numberUp
0
0
0
1
off
0
0
0
1
on
0.85131304479406
0.77731346899225
1
1
midiLearn
0
1
1
1
numberDown
1
0.5
0
1
label
1
1
1
1
disabled
0.3
0.3
0.3
1
focus
0
0
0
0
*** END MVC_View Document ***
114
MVC_MyKnob
-0.0041796875
*** MVC_View Document v1 ***
9
0
430
140
25
25
pin
0
0
0
1
numberUp
0
0
0
1
off
0
0
0
1
on
0.85131304479406
0.77731346899225
1
1
midiLearn
0
1
1
1
numberDown
1
0.5
0
1
label
1
1
1
1
disabled
0.3
0.3
0.3
1
focus
0
0
0
0
*** END MVC_View Document ***
117
MVC_MyKnob
1
*** MVC_View Document v1 ***
9
0
505
140
25
25
pin
0
0
0
1
numberUp
0
0
0
1
off
0
0
0
1
on
0.85131304479406
0.77731346899225
1
1
midiLearn
0
1
1
1
numberDown
1
0.5
0
1
label
1
1
1
1
disabled
0.3
0.3
0.3
1
focus
0
0
0
0
*** END MVC_View Document ***
63
MVC_NumberBox
0
*** MVC_View Document v1 ***
10
0
340
60
20
20
background
1
1
0.9
1
numberUp
0
0
0
1
backgroundDisabled
0.25
0.25
0.25
1
string
0
0
0
1
typing
1
0.5
0
1
numberDown
1
0.5
0
1
midiLearn
0
1
1
1
label
1
1
1
1
disabled
0.3
0.3
0.3
1
focus
0
0
0
0
*** END MVC_View Document ***
60
MVC_NumberBox
2
*** MVC_View Document v1 ***
10
0
250
60
20
20
background
0.44228439922481
0.44228439922481
0.39805595930233
1
numberUp
0
0
0
1
backgroundDisabled
0.25
0.25
0.25
1
string
1
1
0.9
1
typing
1
0.5
0
1
numberDown
1
0.5
0
1
midiLearn
0
1
1
1
label
1
1
1
1
disabled
0.3
0.3
0.3
1
focus
0
0
0
0
*** END MVC_View Document ***
76
MVC_NumberBox
3
*** MVC_View Document v1 ***
10
0
370
140
20
20
background
1
1
0.9
1
numberUp
0
0
0
1
backgroundDisabled
0.25
0.25
0.25
1
string
0
0
0
1
typing
1
0.5
0
1
numberDown
1
0.5
0
1
midiLearn
0
1
1
1
label
1
1
1
1
disabled
0.3
0.3
0.3
1
focus
0
0
0
0
*** END MVC_View Document ***
111
MVC_NoteView
-1
*** MVC_View Document v1 ***
9
0
505
195
25
25
background
0.16666666666667
0.16666666666667
0.16666666666667
1
border
0
0
0
1
numberUp
0
0
0
1
string
1
1
1
1
numberDown
1
0.5
0
1
midiLearn
0
1
1
1
label
1
1
1
1
disabled
0.3
0.3
0.3
1
focus
0
0
0
0
*** END MVC_View Document ***
103
MVC_SmoothSlider
0
*** MVC_View Document v1 ***
12
0
455
15
25
95
backgroundDisabled
0.25
0.25
0.25
1
numberDown
1
0.5
0
1
midiLearn
0
1
1
1
background
0
0
0
0.37662337662338
hilite
0.79315043604651
0.6890140503876
1
0.38593144379845
knob
1
0.73934108527132
0.90988372093023
1
border
0
0
0
1
numberUp
0
0
0
1
knobDisabled
0.6
0.6
0.6
1
label
1
1
1
1
disabled
0.3
0.3
0.3
1
focus
0
0
0
0
*** END MVC_View Document ***
118
MVC_MyKnob
-0.0183984375
*** MVC_View Document v1 ***
9
0
530
140
25
25
pin
0
0
0
1
numberUp
0
0
0
1
off
0
0
0
1
on
0.85131304479406
0.77731346899225
1
1
midiLearn
0
1
1
1
numberDown
1
0.5
0
1
label
1
1
1
1
disabled
0.3
0.3
0.3
1
focus
0
0
0
0
*** END MVC_View Document ***
55
MVC_NumberBox
1
*** MVC_View Document v1 ***
10
0
280
20
20
20
background
1
1
0.9
1
numberUp
0
0
0
1
backgroundDisabled
0.25
0.25
0.25
1
string
0
0
0
1
typing
1
0.5
0
1
numberDown
1
0.5
0
1
midiLearn
0
1
1
1
label
1
1
1
1
disabled
0.3
0.3
0.3
1
focus
0
0
0
0
*** END MVC_View Document ***
30
MVC_MyKnob3
0.058125
*** MVC_View Document v1 ***
10
0
30
125
25
25
pin
0
0
0
1
background
0
0
0
0.5
numberUp
0
0
0
1
off
0
0
0
1
on
0.85131304479406
0.77731346899225
1
1
midiLearn
0
1
1
1
numberDown
1
0.5
0
1
label
1
1
1
1
disabled
0.3
0.3
0.3
1
focus
0
0
0
0
*** END MVC_View Document ***
29
MVC_MyKnob3
0
*** MVC_View Document v1 ***
10
0
5
125
25
25
pin
0
0
0
1
background
0
0
0
0.5
numberUp
0
0
0
1
off
0
0
0
1
on
0.85131304479406
0.77731346899225
1
1
midiLearn
0
1
1
1
numberDown
1
0.5
0
1
label
1
1
1
1
disabled
0.3
0.3
0.3
1
focus
0
0
0
0
*** END MVC_View Document ***
41
MVC_MyKnob3
0
*** MVC_View Document v1 ***
10
0
5
290
25
25
pin
0
0
0
1
background
0
0
0
0.5
numberUp
0
0
0
1
off
0
0
0
1
on
0.85131304479406
0.77731346899225
1
1
midiLearn
0
1
1
1
numberDown
1
0.5
0
1
label
1
1
1
1
disabled
0.3
0.3
0.3
1
focus
0
0
0
0
*** END MVC_View Document ***
25
MVC_MyKnob3
0
*** MVC_View Document v1 ***
10
0
5
70
25
25
pin
0
0
0
1
background
0
0
0
0.5
numberUp
0
0
0
1
off
0
0
0
1
on
0.85131304479406
0.77731346899225
1
1
midiLearn
0
1
1
1
numberDown
1
0.5
0
1
label
1
1
1
1
disabled
0.3
0.3
0.3
1
focus
0
0
0
0
*** END MVC_View Document ***
72
MVC_NumberBox
3
*** MVC_View Document v1 ***
10
0
250
140
20
20
background
1
1
0.9
1
numberUp
0
0
0
1
backgroundDisabled
0.25
0.25
0.25
1
string
0
0
0
1
typing
1
0.5
0
1
numberDown
1
0.5
0
1
midiLearn
0
1
1
1
label
1
1
1
1
disabled
0.3
0.3
0.3
1
focus
0
0
0
0
*** END MVC_View Document ***
40
MVC_MyKnob3
0
*** MVC_View Document v1 ***
10
0
80
235
25
25
pin
0
0
0
1
background
0
0
0
0.5
numberUp
0
0
0
1
off
0
0
0
1
on
0.85131304479406
0.77731346899225
1
1
midiLearn
0
1
1
1
numberDown
1
0.5
0
1
label
1
1
1
1
disabled
0.3
0.3
0.3
1
focus
0
0
0
0
*** END MVC_View Document ***
99
MVC_MyKnob
-0.1589453125
*** MVC_View Document v1 ***
9
0
505
240
25
25
pin
0
0
0
1
numberUp
0
0
0
1
off
0
0
0
1
on
0.85131304479406
0.77731346899225
1
1
midiLearn
0
1
1
1
numberDown
1
0.5
0
1
label
1
1
1
1
disabled
0.3
0.3
0.3
1
focus
0
0
0
0
*** END MVC_View Document ***
32
MVC_MyKnob3
0.434140625
*** MVC_View Document v1 ***
10
0
80
125
25
25
pin
0
0
0
1
background
0
0
0
0.5
numberUp
0
0
0
1
off
0
0
0
1
on
0.85131304479406
0.77731346899225
1
1
midiLearn
0
1
1
1
numberDown
1
0.5
0
1
label
1
1
1
1
disabled
0.3
0.3
0.3
1
focus
0
0
0
0
*** END MVC_View Document ***
33
MVC_MyKnob3
0.3159765625
*** MVC_View Document v1 ***
10
0
5
180
25
25
pin
0
0
0
1
background
0
0
0
0.5
numberUp
0
0
0
1
off
0
0
0
1
on
0.85131304479406
0.77731346899225
1
1
midiLearn
0
1
1
1
numberDown
1
0.5
0
1
label
1
1
1
1
disabled
0.3
0.3
0.3
1
focus
0
0
0
0
*** END MVC_View Document ***
107
MVC_NoteView
-1
*** MVC_View Document v1 ***
9
0
405
195
25
25
background
0.16666666666667
0.16666666666667
0.16666666666667
1
border
0
0
0
1
numberUp
0
0
0
1
string
1
1
1
1
numberDown
1
0.5
0
1
midiLearn
0
1
1
1
label
1
1
1
1
disabled
0.3
0.3
0.3
1
focus
0
0
0
0
*** END MVC_View Document ***
17
MVC_MyKnob
0.355078125
*** MVC_View Document v1 ***
9
0
150
285
30
30
pin
0
0
0
1
numberUp
0
0
0
1
off
0
0
0
1
on
0.85131304479406
0.77731346899225
1
1
midiLearn
0
1
1
1
numberDown
1
0.5
0
1
label
1
1
1
1
disabled
0.3
0.3
0.3
1
focus
0
0
0
0
*** END MVC_View Document ***
71
MVC_NumberBox
4
*** MVC_View Document v1 ***
10
0
220
140
20
20
background
1
1
0.9
1
numberUp
0
0
0
1
backgroundDisabled
0.25
0.25
0.25
1
string
0
0
0
1
typing
1
0.5
0
1
numberDown
1
0.5
0
1
midiLearn
0
1
1
1
label
1
1
1
1
disabled
0.3
0.3
0.3
1
focus
0
0
0
0
*** END MVC_View Document ***
79
MVC_NumberBox
3
*** MVC_View Document v1 ***
10
0
280
180
20
20
background
1
1
0.9
1
numberUp
0
0
0
1
backgroundDisabled
0.25
0.25
0.25
1
string
0
0
0
1
typing
1
0.5
0
1
numberDown
1
0.5
0
1
midiLearn
0
1
1
1
label
1
1
1
1
disabled
0.3
0.3
0.3
1
focus
0
0
0
0
*** END MVC_View Document ***
86
MVC_NumberBox
2
*** MVC_View Document v1 ***
10
0
310
220
20
20
background
1
1
0.9
1
numberUp
0
0
0
1
backgroundDisabled
0.25
0.25
0.25
1
string
0
0
0
1
typing
1
0.5
0
1
numberDown
1
0.5
0
1
midiLearn
0
1
1
1
label
1
1
1
1
disabled
0.3
0.3
0.3
1
focus
0
0
0
0
*** END MVC_View Document ***
66
MVC_NumberBox
5
*** MVC_View Document v1 ***
10
0
250
100
20
20
background
1
1
0.9
1
numberUp
0
0
0
1
backgroundDisabled
0.25
0.25
0.25
1
string
0
0
0
1
typing
1
0.5
0
1
numberDown
1
0.5
0
1
midiLearn
0
1
1
1
label
1
1
1
1
disabled
0.3
0.3
0.3
1
focus
0
0
0
0
*** END MVC_View Document ***
21
MVC_MyKnob3
0
*** MVC_View Document v1 ***
10
0
5
15
25
25
pin
0
0
0
1
background
0
0
0
0.5
numberUp
0
0
0
1
off
0
0
0
1
on
0.85131304479406
0.77731346899225
1
1
midiLearn
0
1
1
1
numberDown
1
0.5
0
1
label
1
1
1
1
disabled
0.3
0.3
0.3
1
focus
0
0
0
0
*** END MVC_View Document ***
88
MVC_NumberBox
2
*** MVC_View Document v1 ***
10
0
370
220
20
20
background
0.37403100775194
0.37403100775194
0.33662790697674
1
numberUp
0
0
0
1
backgroundDisabled
0.25
0.25
0.25
1
string
1
1
0.9
1
typing
1
0.5
0
1
numberDown
1
0.5
0
1
midiLearn
0
1
1
1
label
1
1
1
1
disabled
0.3
0.3
0.3
1
focus
0
0
0
0
*** END MVC_View Document ***
89
MVC_MyKnob
-48
*** MVC_View Document v1 ***
9
0
405
295
25
25
pin
0
0
0
1
numberUp
0
0
0
1
off
0
0
0
1
on
0.85131304479406
0.77731346899225
1
1
midiLearn
0
1
1
1
numberDown
1
0.5
0
1
label
1
1
1
1
disabled
0.3
0.3
0.3
1
focus
0
0
0
0
*** END MVC_View Document ***
104
MVC_SmoothSlider
0
*** MVC_View Document v1 ***
12
0
480
15
25
95
backgroundDisabled
0.25
0.25
0.25
1
numberDown
1
0.5
0
1
midiLearn
0
1
1
1
background
0
0
0
0.37662337662338
hilite
0.79315043604651
0.6890140503876
1
0.38593144379845
knob
1
0.73934108527132
0.90988372093023
1
border
0
0
0
1
numberUp
0
0
0
1
knobDisabled
0.6
0.6
0.6
1
label
1
1
1
1
disabled
0.3
0.3
0.3
1
focus
0
0
0
0
*** END MVC_View Document ***
24
MVC_MyKnob3
0.17318359375
*** MVC_View Document v1 ***
10
0
80
15
25
25
pin
0
0
0
1
background
0
0
0
0.5
numberUp
0
0
0
1
off
0
0
0
1
on
0.85131304479406
0.77731346899225
1
1
midiLearn
0
1
1
1
numberDown
1
0.5
0
1
label
1
1
1
1
disabled
0.3
0.3
0.3
1
focus
0
0
0
0
*** END MVC_View Document ***
101
MVC_SmoothSlider
0
*** MVC_View Document v1 ***
12
0
405
15
25
95
backgroundDisabled
0.25
0.25
0.25
1
numberDown
1
0.5
0
1
midiLearn
0
1
1
1
background
0
0
0
0.37662337662338
hilite
0.79315043604651
0.6890140503876
1
0.38593144379845
knob
1
0.73934108527132
0.90988372093023
1
border
0
0
0
1
numberUp
0
0
0
1
knobDisabled
0.6
0.6
0.6
1
label
1
1
1
1
disabled
0.3
0.3
0.3
1
focus
0
0
0
0
*** END MVC_View Document ***
14
MVC_MyKnob
0.07376953125
*** MVC_View Document v1 ***
9
0
300
280
35
35
pin
0
0
0
1
numberUp
0
0
0
1
off
0
0
0
1
on
0.85131304479406
0.77731346899225
1
1
midiLearn
0
1
1
1
numberDown
1
0.5
0
1
label
1
1
1
1
disabled
0.3
0.3
0.3
1
focus
0
0
0
0
*** END MVC_View Document ***
45
MVC_SmoothSlider
0.49875710227273
*** MVC_View Document v1 ***
12
0
130
15
50
20
backgroundDisabled
0.25
0.25
0.25
1
numberDown
1
0.5
0
1
midiLearn
0
1
1
1
background
0
0
0
0.37662337662338
hilite
0.79315043604651
0.6890140503876
1
0.38593144379845
knob
1
0.73934108527132
0.90988372093023
1
border
0
0
0
1
numberUp
0
0
0
1
knobDisabled
0.6
0.6
0.6
1
label
1
1
1
1
disabled
0.3
0.3
0.3
1
focus
0
0
0
0
*** END MVC_View Document ***
54
MVC_NumberBox
0
*** MVC_View Document v1 ***
10
0
250
20
20
20
background
1
1
0.9
1
numberUp
0
0
0
1
backgroundDisabled
0.25
0.25
0.25
1
string
0
0
0
1
typing
1
0.5
0
1
numberDown
1
0.5
0
1
midiLearn
0
1
1
1
label
1
1
1
1
disabled
0.3
0.3
0.3
1
focus
0
0
0
0
*** END MVC_View Document ***
73
MVC_NumberBox
2
*** MVC_View Document v1 ***
10
0
280
140
20
20
background
1
1
0.9
1
numberUp
0
0
0
1
backgroundDisabled
0.25
0.25
0.25
1
string
0
0
0
1
typing
1
0.5
0
1
numberDown
1
0.5
0
1
midiLearn
0
1
1
1
label
1
1
1
1
disabled
0.3
0.3
0.3
1
focus
0
0
0
0
*** END MVC_View Document ***
49
MVC_SmoothSlider
0.67986505681818
*** MVC_View Document v1 ***
12
0
130
115
50
20
backgroundDisabled
0.25
0.25
0.25
1
numberDown
1
0.5
0
1
midiLearn
0
1
1
1
background
0
0
0
0.37662337662338
hilite
0.79315043604651
0.6890140503876
1
0.38593144379845
knob
1
0.73934108527132
0.90988372093023
1
border
0
0
0
1
numberUp
0
0
0
1
knobDisabled
0.6
0.6
0.6
1
label
1
1
1
1
disabled
0.3
0.3
0.3
1
focus
0
0
0
0
*** END MVC_View Document ***
92
MVC_MyKnob
12
*** MVC_View Document v1 ***
9
0
480
295
25
25
pin
0
0
0
1
numberUp
0
0
0
1
off
0
0
0
1
on
0.85131304479406
0.77731346899225
1
1
midiLearn
0
1
1
1
numberDown
1
0.5
0
1
label
1
1
1
1
disabled
0.3
0.3
0.3
1
focus
0
0
0
0
*** END MVC_View Document ***
93
MVC_MyKnob
12
*** MVC_View Document v1 ***
9
0
505
295
25
25
pin
0
0
0
1
numberUp
0
0
0
1
off
0
0
0
1
on
0.85131304479406
0.77731346899225
1
1
midiLearn
0
1
1
1
numberDown
1
0.5
0
1
label
1
1
1
1
disabled
0.3
0.3
0.3
1
focus
0
0
0
0
*** END MVC_View Document ***
115
MVC_MyKnob
-0.197890625
*** MVC_View Document v1 ***
9
0
455
140
25
25
pin
0
0
0
1
numberUp
0
0
0
1
off
0
0
0
1
on
0.85131304479406
0.77731346899225
1
1
midiLearn
0
1
1
1
numberDown
1
0.5
0
1
label
1
1
1
1
disabled
0.3
0.3
0.3
1
focus
0
0
0
0
*** END MVC_View Document ***
15
MVC_MyKnob
7.8742815189907
*** MVC_View Document v1 ***
9
0
345
280
35
35
pin
0
0
0
1
numberUp
0
0
0
1
off
0
0
0
1
on
0.85131304479406
0.77731346899225
1
1
midiLearn
0
1
1
1
numberDown
1
0.5
0
1
label
1
1
1
1
disabled
0.3
0.3
0.3
1
focus
0
0
0
0
*** END MVC_View Document ***
20
MVC_NumberBox
0
*** MVC_View Document v1 ***
10
0
580
295
30
20
background
1
1
0.9
1
numberUp
0
0
0
1
backgroundDisabled
0.25
0.25
0.25
1
string
0
0
0
1
typing
1
0.5
0
1
numberDown
1
0.5
0
1
midiLearn
0
1
1
1
label
1
1
1
1
disabled
0.3
0.3
0.3
1
focus
0
0
0
0
*** END MVC_View Document ***
95
MVC_MyKnob
-0.18625
*** MVC_View Document v1 ***
9
0
405
240
25
25
pin
0
0
0
1
numberUp
0
0
0
1
off
0
0
0
1
on
0.85131304479406
0.77731346899225
1
1
midiLearn
0
1
1
1
numberDown
1
0.5
0
1
label
1
1
1
1
disabled
0.3
0.3
0.3
1
focus
0
0
0
0
*** END MVC_View Document ***
28
MVC_MyKnob3
0.52205078125
*** MVC_View Document v1 ***
10
0
80
70
25
25
pin
0
0
0
1
background
0
0
0
0.5
numberUp
0
0
0
1
off
0
0
0
1
on
0.85131304479406
0.77731346899225
1
1
midiLearn
0
1
1
1
numberDown
1
0.5
0
1
label
1
1
1
1
disabled
0.3
0.3
0.3
1
focus
0
0
0
0
*** END MVC_View Document ***
59
MVC_NumberBox
1
*** MVC_View Document v1 ***
10
0
220
60
20
20
background
1
1
0.9
1
numberUp
0
0
0
1
backgroundDisabled
0.25
0.25
0.25
1
string
0
0
0
1
typing
1
0.5
0
1
numberDown
1
0.5
0
1
midiLearn
0
1
1
1
label
1
1
1
1
disabled
0.3
0.3
0.3
1
focus
0
0
0
0
*** END MVC_View Document ***
43
MVC_MyKnob3
0.676015625
*** MVC_View Document v1 ***
10
0
55
290
25
25
pin
0
0
0
1
background
0
0
0
0.5
numberUp
0
0
0
1
off
0
0
0
1
on
0.85131304479406
0.77731346899225
1
1
midiLearn
0
1
1
1
numberDown
1
0.5
0
1
label
1
1
1
1
disabled
0.3
0.3
0.3
1
focus
0
0
0
0
*** END MVC_View Document ***
105
MVC_SmoothSlider
0.18146484375
*** MVC_View Document v1 ***
12
0
505
15
25
95
backgroundDisabled
0.25
0.25
0.25
1
numberDown
1
0.5
0
1
midiLearn
0
1
1
1
background
0
0
0
0.37662337662338
hilite
0.79315043604651
0.6890140503876
1
0.38593144379845
knob
1
0.73934108527132
0.90988372093023
1
border
0
0
0
1
numberUp
0
0
0
1
knobDisabled
0.6
0.6
0.6
1
label
1
1
1
1
disabled
0.3
0.3
0.3
1
focus
0
0
0
0
*** END MVC_View Document ***
51
MVC_MyKnob3
0.31132095193217
*** MVC_View Document v1 ***
10
0
120
190
40
40
pin
0
0
0
1
background
0
0
0
0.5
numberUp
0
0
0
1
off
0
0
0
1
on
0.85131304479406
0.77731346899225
1
1
midiLearn
0
1
1
1
numberDown
1
0.5
0
1
label
1
1
1
1
disabled
0.3
0.3
0.3
1
focus
0
0
0
0
*** END MVC_View Document ***
LNX PRSeq DOC v1.2
2
LNX Score DOC v1.4
11
0
128
4.703125
8
0
425
1
16
1
64
0
3
0.78740157480315
52
4
4
0.78740157480315
64
12
4
0.78740157480315
52
20
6
0.78740157480315
62
32
3
0.78740157480315
53
36
3
0.78740157480315
50
60
3
0.82391138392857
65
64
3
0.78740157480315
50
68
4
0.78740157480315
64
96
3
0.78740157480315
52
100
5
0.78740157480315
*** END Score DOC ***
LNX Score DOC v1.4
11
0
128
4.703125
8
0
425
1
16
1
64
0
3
0.78740157480315
52
4
4
0.78740157480315
64
12
4
0.78740157480315
52
20
6
0.78740157480315
62
32
3
0.78740157480315
53
36
3
0.78740157480315
50
60
3
0.82391138392857
65
64
3
0.78740157480315
50
68
4
0.78740157480315
64
96
3
0.78740157480315
52
100
5
0.78740157480315
*** END Score DOC ***
LNX Score DOC v1.4
16
0
128
4.703125
8
0
480
4
16
1
64
0
4
0.78740157480315
48
0
4
0.78740157480315
48
12
4
0.78740157480315
64
12
4
0.78740157480315
64
32
8
0.78740157480315
48
32
8
0.78740157480315
62
44
4
0.78740157480315
48
44
8
0.78740157480315
64
64
8
0.78740157480315
43
64
8
0.78740157480315
62
76
12
0.78740157480315
43
76
16
0.78740157480315
62
96
8
0.78740157480315
43
96
8
0.78740157480315
43
108
12
0.78740157480315
59
108
12
0.78740157480315
*** END Score DOC ***
*** END PRSeq DOC ***
105
105
e63
0
u4
0.30931640625
d2
0.18443359375
e12
0
v3
0
a3
0
e13
1
lfoFreq
7.8742815189907
mod
0.31132095193217
f6
-1
e41
4
v2
0
v6
1
e24
3
e34
5
e15
2
d4
0.78572265625
m5
0.67986505681818
s4
0.45126953125
f2
-1
r3
0.434140625
a4
0.3159765625
e45
5
d3
0.058125
e31
4
e62
2
f1
-1
e32
5
e14
0
p5
1
t3
0
e46
3
s2
0.25787109375
r1
0.17318359375
a5
0.23578125
r6
0
m6
0.61683238636364
p1
0.11234375
e33
2
dur
0.6651953125
s6
0.676015625
e53
3
v5
0.18146484375
t5
12
e16
4
u1
-0.18625
a6
0
lfoAmp
0.07376953125
f4
-1
d1
0.4371875
e66
2
e11
2
e52
3
t1
-48
u2
0.21875
a1
0
r2
0.52205078125
e56
1
e54
0
e26
4
p3
-0.197890625
d6
0.48283203125
r5
0
p2
-0.0041796875
e64
2
s3
0.18376953125
a2
0
e21
1
e44
2
e36
3
s5
0.34138671875
e51
0
e61
0
m2
0.82936789772727
e23
1
d
0.355078125
r
0.37529296875
v4
0
trans
0
r4
0.8159375
s
0.5160546875
e43
2
e65
0
e35
3
m4
0.67986505681818
m3
0.44362571022727
u6
0.2036328125
e55
2
s1
0.3671875
p4
-1
e25
0
e22
2
t2
-24
m1
0.49875710227273
t4
12
e42
3
d5
0.56111328125
f5
-1
u3
-0.181416015625
t6
0
p6
-0.0183984375
v1
0
a
0
u5
-0.1589453125
f3
38
e63
0
u4
0.30931640625
d2
0.18443359375
e12
0
v3
0
a3
0
e13
1
lfoFreq
7.8742815189907
mod
0.31132095193217
f6
-1
e41
4
v2
0
v6
1
e24
3
e34
5
e15
2
d4
0.78572265625
m5
0.67986505681818
s4
0.45126953125
f2
-1
r3
0.434140625
a4
0.3159765625
e45
5
d3
0.058125
e31
4
e62
2
f1
-1
e32
5
e14
0
p5
1
t3
0
e46
3
s2
0.25787109375
r1
0.17318359375
a5
0.23578125
r6
0
m6
0.61683238636364
p1
0.11234375
e33
2
dur
0.6651953125
s6
0.676015625
e53
3
v5
0.18146484375
t5
12
e16
4
u1
-0.18625
a6
0
lfoAmp
0.07376953125
f4
-1
d1
0.4371875
e66
2
e11
2
e52
3
t1
-48
u2
0.21875
a1
0
r2
0.52205078125
e56
1
e54
0
e26
4
p3
-0.197890625
d6
0.48283203125
r5
0
p2
-0.0041796875
e64
2
s3
0.18376953125
a2
0
e21
1
e44
2
e36
3
s5
0.34138671875
e51
0
e61
0
m2
0.82936789772727
e23
1
d
0.355078125
r
0.37529296875
v4
0
trans
0
r4
0.8159375
s
0.5160546875
e43
2
e65
0
e35
3
m4
0.67986505681818
m3
0.44362571022727
u6
0.2036328125
e55
2
s1
0.3671875
p4
-1
e25
0
e22
2
t2
-24
m1
0.49875710227273
t4
12
e42
3
d5
0.56111328125
f5
-1
u3
-0.181416015625
t6
0
p6
-0.0183984375
v1
0
a
0
u5
-0.1589453125
f3
38
*** END INSTRUMENT DOC ***
