SC Code Doc v1.5
Template Version v1.2
LNX_Code
Formant4
23
0
0
1
0.29722975209475
-1
-0.0283984375
1
0
0
127
-1
-7.062747120837
0
8
0
1
-inf
9
0.83402593085106
0
60
12
0
0
0
0
1
0
*** MIDI Control Doc v1.2
0
0
*** End MIDI Control Doc ***
1545
10
47
47
32
65
32
115
105
109
112
108
101
32
83
121
110
116
104
68
101
102
32
116
101
109
112
108
97
116
101
10
10
83
121
110
116
104
68
101
102
40
34
76
78
88
95
83
97
119
49
34
44
32
123
124
111
117
116
44
32
97
109
112
44
32
118
101
108
44
32
102
114
101
113
44
32
109
105
100
105
44
32
112
97
110
44
32
103
97
116
101
61
49
44
32
115
101
110
100
79
117
116
44
32
115
101
110
100
65
109
112
44
32
105
110
44
32
105
110
65
109
112
44
10
9
9
98
112
109
44
32
99
108
111
99
107
44
32
105
95
99
108
111
99
107
44
32
112
111
108
108
44
32
102
105
108
116
70
114
101
113
61
49
56
48
48
44
32
113
61
48
46
53
44
32
100
117
114
61
49
44
32
108
102
111
65
109
112
61
48
46
49
44
32
108
102
111
70
114
101
113
61
49
48
44
10
9
9
102
111
114
109
49
44
32
98
119
49
44
32
112
105
116
99
104
49
44
32
97
100
106
49
44
32
97
109
112
49
44
10
9
9
102
111
114
109
50
44
32
98
119
50
44
32
112
105
116
99
104
50
44
32
97
100
106
50
44
32
97
109
112
50
44
10
9
9
102
111
114
109
51
44
32
98
119
51
44
32
112
105
116
99
104
51
44
32
97
100
106
51
44
32
97
109
112
51
44
10
9
9
102
111
114
109
52
44
32
98
119
52
44
32
112
105
116
99
104
52
44
32
97
100
106
52
44
32
97
109
112
52
124
32
10
9
10
9
118
97
114
32
115
105
103
110
97
108
59
10
9
10
9
118
97
114
32
108
102
111
32
61
32
83
105
110
79
115
99
46
107
114
40
108
102
111
70
114
101
113
44
48
44
108
102
111
65
109
112
41
59
10
9
10
9
118
97
114
32
109
105
100
105
49
32
61
32
40
109
105
100
105
43
112
105
116
99
104
49
43
97
100
106
49
43
108
102
111
41
46
109
105
100
105
99
112
115
59
10
9
118
97
114
32
109
105
100
105
50
32
61
32
40
109
105
100
105
43
112
105
116
99
104
50
43
97
100
106
50
43
108
102
111
41
46
109
105
100
105
99
112
115
59
10
9
118
97
114
32
109
105
100
105
51
32
61
32
40
109
105
100
105
43
112
105
116
99
104
51
43
97
100
106
51
43
108
102
111
41
46
109
105
100
105
99
112
115
59
10
9
118
97
114
32
109
105
100
105
52
32
61
32
40
109
105
100
105
43
112
105
116
99
104
52
43
97
100
106
52
43
108
102
111
41
46
109
105
100
105
99
112
115
59
10
9
9
10
9
115
105
103
110
97
108
32
61
32
40
40
91
10
9
9
70
111
114
109
97
110
116
46
97
114
40
109
105
100
105
49
44
32
109
105
100
105
49
42
102
111
114
109
49
44
32
109
105
100
105
49
42
98
119
49
44
32
97
109
112
49
46
100
98
97
109
112
41
44
10
9
9
70
111
114
109
97
110
116
46
97
114
40
109
105
100
105
50
44
32
109
105
100
105
50
42
102
111
114
109
50
44
32
109
105
100
105
50
42
98
119
50
44
32
97
109
112
50
46
100
98
97
109
112
41
44
10
9
9
70
111
114
109
97
110
116
46
97
114
40
109
105
100
105
51
44
32
109
105
100
105
51
42
102
111
114
109
51
44
32
109
105
100
105
51
42
98
119
51
44
32
97
109
112
51
46
100
98
97
109
112
41
44
10
9
9
70
111
114
109
97
110
116
46
97
114
40
109
105
100
105
52
44
32
109
105
100
105
52
42
102
111
114
109
52
44
32
109
105
100
105
52
42
98
119
52
44
32
97
109
112
52
46
100
98
97
109
112
41
10
9
93
41
41
59
10
9
32
32
10
9
115
105
103
110
97
108
32
61
32
77
111
111
103
76
97
100
100
101
114
46
97
114
40
115
105
103
110
97
108
44
32
102
105
108
116
70
114
101
113
43
40
40
109
105
100
105
46
109
105
100
105
99
112
115
41
32
41
44
32
113
41
59
32
47
47
32
99
104
97
110
103
101
10
9
10
9
115
105
103
110
97
108
32
61
32
115
105
103
110
97
108
32
42
32
69
110
118
71
101
110
46
97
114
40
69
110
118
46
110
101
119
40
91
48
44
49
44
49
44
48
93
44
32
91
49
44
49
44
50
93
44
32
91
49
44
49
93
44
32
49
41
44
32
103
97
116
101
44
32
118
101
108
47
50
44
32
48
44
32
100
117
114
44
32
50
41
59
10
9
10
9
76
78
88
95
79
117
116
40
115
105
103
110
97
108
44
32
111
117
116
44
32
97
109
112
44
32
112
97
110
44
32
115
101
110
100
79
117
116
44
32
115
101
110
100
65
109
112
41
59
10
9
10
9
47
47
32
115
105
103
110
97
108
46
112
111
108
108
40
112
111
108
108
41
59
32
47
47
32
117
115
101
32
102
111
114
32
100
101
98
117
103
103
105
110
103
10
9
10
125
44
32
109
101
116
97
100
97
116
97
58
32
40
32
115
112
101
99
115
58
32
40
32
102
105
108
116
70
114
101
113
58
32
92
102
114
101
113
44
32
113
58
32
92
117
110
105
112
111
108
97
114
44
10
10
9
102
111
114
109
49
58
91
48
46
49
44
50
48
44
92
101
120
112
93
44
32
98
119
49
58
91
48
46
49
44
50
48
44
92
101
120
112
93
44
32
112
105
116
99
104
49
58
92
112
105
116
99
104
65
100
106
44
32
97
100
106
49
58
92
98
105
112
111
108
97
114
44
32
97
109
112
49
58
92
100
98
44
10
9
102
111
114
109
50
58
91
48
46
49
44
50
48
44
92
101
120
112
93
44
32
98
119
50
58
91
48
46
49
44
50
48
44
92
101
120
112
93
44
32
112
105
116
99
104
50
58
92
112
105
116
99
104
65
100
106
44
32
97
100
106
50
58
92
98
105
112
111
108
97
114
44
32
97
109
112
50
58
92
100
98
44
10
9
102
111
114
109
51
58
91
48
46
49
44
50
48
44
92
101
120
112
93
44
32
98
119
51
58
91
48
46
49
44
50
48
44
92
101
120
112
93
44
32
112
105
116
99
104
51
58
92
112
105
116
99
104
65
100
106
44
32
97
100
106
51
58
92
98
105
112
111
108
97
114
44
32
97
109
112
51
58
92
100
98
44
10
9
102
111
114
109
52
58
91
48
46
49
44
50
48
44
92
101
120
112
93
44
32
98
119
52
58
91
48
46
49
44
50
48
44
92
101
120
112
93
44
32
112
105
116
99
104
52
58
92
112
105
116
99
104
65
100
106
44
32
97
100
106
52
58
92
98
105
112
111
108
97
114
44
32
97
109
112
52
58
92
100
98
44
10
32
9
10
32
9
108
102
111
70
114
101
113
58
92
108
111
119
70
114
101
113
44
32
108
102
111
65
109
112
58
92
117
110
105
112
111
108
97
114
10
10
32
41
41
41
10
10
4
25
volume
MVC_SmoothSlider
*** MVC_View Document v1 ***
13
0
567
20
30
100
backgroundDisabled
0.25
0.25
0.25
1
numberDown
1
1
1
1
midiLearn
0
1
1
1
background
0.17853026140063
0.17527524797857
0.34589995155039
0.32052446705426
hilite
0.36902984099358
0.34384286670858
0.75766109496124
0.28694282945736
knob
0.58853116404243
0.56186409883721
1
1
border
0
0
0
1
knobBorder
0
0
0
1
knobDisabled
0.6
0.6
0.6
1
numberUp
0
0
0
1
label
1
1
1
1
disabled
0.3
0.3
0.3
1
focus
1
0
0
1
*** END MVC_View Document ***
inAmp
MVC_MyKnob3
*** MVC_View Document v1 ***
10
0
568
268
26
26
pin
0
0
0
1
background
0.17853026140063
0.17527524797857
0.34589995155039
0.32052446705426
numberUp
0
0
0
1
off
0
0
0
1
on
0.68625847868217
0.69971105844798
1
1
midiLearn
0
1
1
1
numberDown
1
1
1
1
label
1
1
1
1
disabled
0.3
0.3
0.3
1
focus
0
0
0
0
*** END MVC_View Document ***
pan
MVC_MyKnob3
*** MVC_View Document v1 ***
10
0
568
152
26
26
pin
0
0
0
1
background
0.17853026140063
0.17527524797857
0.34589995155039
0.32052446705426
numberUp
0
0
0
1
off
0
0
0
1
on
0.68625847868217
0.69971105844798
1
1
midiLearn
0
1
1
1
numberDown
1
1
1
1
label
1
1
1
1
disabled
0.3
0.3
0.3
1
focus
0
0
0
0
*** END MVC_View Document ***
sendAmp
MVC_MyKnob3
*** MVC_View Document v1 ***
10
0
568
210
26
26
pin
0
0
0
1
background
0.17853026140063
0.17527524797857
0.34589995155039
0.32052446705426
numberUp
0
0
0
1
off
0
0
0
1
on
0.68625847868217
0.69971105844798
1
1
midiLearn
0
1
1
1
numberDown
1
1
1
1
label
1
1
1
1
disabled
0.3
0.3
0.3
1
focus
0
0
0
0
*** END MVC_View Document ***
32
MVC_NumberBox
0
*** MVC_View Document v1 ***
10
0
12
186
42
24
background
0.17853026140063
0.17527524797857
0.34589995155039
0.32052446705426
numberUp
0
0
0
1
backgroundDisabled
0.25
0.25
0.25
1
string
0.48395106589147
0.66124912810063
1
1
typing
1
0.5
0
1
numberDown
1
0.5
0
1
midiLearn
0
1
1
1
label
1
1
1
1
disabled
0.3
0.3
0.3
1
focus
0
0
0
0
*** END MVC_View Document ***
31
MVC_MyKnob
0.58828350700623
*** MVC_View Document v1 ***
9
0
156
180
42
42
pin
0
0
0
1
numberUp
0
0
0
1
off
0
0
0
1
on
0.68625847868217
0.69971105844798
1
1
midiLearn
0
1
1
1
numberDown
1
0.5
0
1
label
1
1
1
1
disabled
0.3
0.3
0.3
1
focus
0
0
0
0
*** END MVC_View Document ***
33
MVC_MyKnob
-0.00039062500000009
*** MVC_View Document v1 ***
9
0
60
180
42
42
pin
0
0
0
1
numberUp
0
0
0
1
off
0
0
0
1
on
0.68625847868217
0.69971105844798
1
1
midiLearn
0
1
1
1
numberDown
1
0.5
0
1
label
1
1
1
1
disabled
0.3
0.3
0.3
1
focus
0
0
0
0
*** END MVC_View Document ***
36
MVC_MyKnob
0.68713900694553
*** MVC_View Document v1 ***
9
0
156
258
42
42
pin
0
0
0
1
numberUp
0
0
0
1
off
0
0
0
1
on
0.68625847868217
0.69971105844798
1
1
midiLearn
0
1
1
1
numberDown
1
0.5
0
1
label
1
1
1
1
disabled
0.3
0.3
0.3
1
focus
0
0
0
0
*** END MVC_View Document ***
35
MVC_MyKnob
3.8711992323811
*** MVC_View Document v1 ***
9
0
108
258
42
42
pin
0
0
0
1
numberUp
0
0
0
1
off
0
0
0
1
on
0.68625847868217
0.69971105844798
1
1
midiLearn
0
1
1
1
numberDown
1
0.5
0
1
label
1
1
1
1
disabled
0.3
0.3
0.3
1
focus
0
0
0
0
*** END MVC_View Document ***
16
MVC_MyKnob
0.084609375
*** MVC_View Document v1 ***
9
0
474
30
50
50
pin
0
0
0
1
numberUp
0
0
0
1
off
0
0
0
1
on
0.68625847868217
0.69971105844798
1
1
midiLearn
0
1
1
1
numberDown
1
0.5
0
1
label
1
1
1
1
disabled
0.3
0.3
0.3
1
focus
0
0
0
0
*** END MVC_View Document ***
17
MVC_MyKnob
0.830703125
*** MVC_View Document v1 ***
9
0
444
144
50
50
pin
0
0
0
1
numberUp
0
0
0
1
off
0
0
0
1
on
0.68625847868217
0.69971105844798
1
1
midiLearn
0
1
1
1
numberDown
1
0.5
0
1
label
1
1
1
1
disabled
0.3
0.3
0.3
1
focus
0
0
0
0
*** END MVC_View Document ***
18
MVC_MyKnob
0.164921875
*** MVC_View Document v1 ***
9
0
420
258
48
48
pin
0
0
0
1
numberUp
0
0
0
1
off
0
0
0
1
on
0.68625847868217
0.69971105844798
1
1
midiLearn
0
1
1
1
numberDown
1
0.5
0
1
label
1
1
1
1
disabled
0.3
0.3
0.3
1
focus
0
0
0
0
*** END MVC_View Document ***
21
MVC_MyKnob
1.6176875592075
*** MVC_View Document v1 ***
9
0
156
24
42
42
pin
0
0
0
1
numberUp
0
0
0
1
off
0
0
0
1
on
0.68625847868217
0.69971105844798
1
1
midiLearn
0
1
1
1
numberDown
1
0.5
0
1
label
1
1
1
1
disabled
0.3
0.3
0.3
1
focus
0
0
0
0
*** END MVC_View Document ***
37
MVC_NumberBox
0
*** MVC_View Document v1 ***
10
0
12
264
42
24
background
0.17853026140063
0.17527524797857
0.34589995155039
0.32052446705426
numberUp
0
0
0
1
backgroundDisabled
0.25
0.25
0.25
1
string
0.48395106589147
0.66124912810063
1
1
typing
1
0.5
0
1
numberDown
1
0.5
0
1
midiLearn
0
1
1
1
label
1
1
1
1
disabled
0.3
0.3
0.3
1
focus
0
0
0
0
*** END MVC_View Document ***
34
MVC_SmoothSlider
-15.03685945301
*** MVC_View Document v1 ***
13
0
240
186
108
24
backgroundDisabled
0.25
0.25
0.25
1
numberDown
1
0.5
0
1
midiLearn
0
1
1
1
background
0.17853026140063
0.17527524797857
0.34589995155039
0.32052446705426
hilite
0.36902984099358
0.34384286670858
0.75766109496124
0.28694282945736
knob
0.58853116404243
0.56186409883721
1
1
border
0
0
0
1
knobBorder
0
0
0
1
knobDisabled
0.6
0.6
0.6
1
numberUp
0
0
0
1
label
1
1
1
1
disabled
0.3
0.3
0.3
1
focus
0
0
0
0
*** END MVC_View Document ***
22
MVC_NumberBox
0
*** MVC_View Document v1 ***
10
0
12
30
42
24
background
0.17853026140063
0.17527524797857
0.34589995155039
0.32052446705426
numberUp
0
0
0
1
backgroundDisabled
0.25
0.25
0.25
1
string
0.48395106589147
0.66124912810063
1
1
typing
1
0.5
0
1
numberDown
1
0.5
0
1
midiLearn
0
1
1
1
label
1
1
1
1
disabled
0.3
0.3
0.3
1
focus
0
0
0
0
*** END MVC_View Document ***
24
MVC_SmoothSlider
-8.3144647919005
*** MVC_View Document v1 ***
13
0
240
30
108
24
backgroundDisabled
0.25
0.25
0.25
1
numberDown
1
0.5
0
1
midiLearn
0
0.86827761627907
1
1
background
0.17853026140063
0.17527524797857
0.34589995155039
0.32052446705426
hilite
0.36902984099358
0.34384286670858
0.75766109496124
0.28694282945736
knob
0.58853116404243
0.56186409883721
1
1
border
0
0
0
1
knobBorder
0
0
0
1
knobDisabled
0.6
0.6
0.6
1
numberUp
0
0
0
1
label
1
1
1
1
disabled
0.3
0.3
0.3
1
focus
0
0
0
0
*** END MVC_View Document ***
39
MVC_SmoothSlider
-5.5600721628688
*** MVC_View Document v1 ***
13
0
240
264
108
24
backgroundDisabled
0.25
0.25
0.25
1
numberDown
1
0.5
0
1
midiLearn
0
1
1
1
background
0.17853026140063
0.17527524797857
0.34589995155039
0.32052446705426
hilite
0.36902984099358
0.34384286670858
0.75766109496124
0.28694282945736
knob
0.58853116404243
0.56186409883721
1
1
border
0
0
0
1
knobBorder
0
0
0
1
knobDisabled
0.6
0.6
0.6
1
numberUp
0
0
0
1
label
1
1
1
1
disabled
0.3
0.3
0.3
1
focus
0
0
0
0
*** END MVC_View Document ***
19
MVC_MyKnob
0.73350870700526
*** MVC_View Document v1 ***
9
0
480
258
48
48
pin
0
0
0
1
numberUp
0
0
0
1
off
0
0
0
1
on
0.68625847868217
0.69971105844798
1
1
midiLearn
0
1
1
1
numberDown
1
0.5
0
1
label
1
1
1
1
disabled
0.3
0.3
0.3
1
focus
0
0
0
0
*** END MVC_View Document ***
26
MVC_MyKnob
1.0944443495268
*** MVC_View Document v1 ***
9
0
156
102
42
42
pin
0
0
0
1
numberUp
0
0
0
1
off
0
0
0
1
on
0.68625847868217
0.69971105844798
1
1
midiLearn
0
1
1
1
numberDown
1
0.5
0
1
label
1
1
1
1
disabled
0.3
0.3
0.3
1
focus
0
0
0
0
*** END MVC_View Document ***
30
MVC_MyKnob
2.9779511750321
*** MVC_View Document v1 ***
9
0
108
180
42
42
pin
0
0
0
1
numberUp
0
0
0
1
off
0
0
0
1
on
0.68625847868217
0.69971105844798
1
1
midiLearn
0
1
1
1
numberDown
1
0.5
0
1
label
1
1
1
1
disabled
0.3
0.3
0.3
1
focus
0
0
0
0
*** END MVC_View Document ***
29
MVC_SmoothSlider
-10.368082918914
*** MVC_View Document v1 ***
13
0
240
108
108
24
backgroundDisabled
0.25
0.25
0.25
1
numberDown
1
0.5
0
1
midiLearn
0
1
1
1
background
0.17853026140063
0.17527524797857
0.34589995155039
0.32052446705426
hilite
0.36902984099358
0.34384286670858
0.75766109496124
0.28694282945736
knob
0.58853116404243
0.56186409883721
1
1
border
0
0
0
1
knobBorder
0
0
0
1
knobDisabled
0.6
0.6
0.6
1
numberUp
0
0
0
1
label
1
1
1
1
disabled
0.3
0.3
0.3
1
focus
0
0
0
0
*** END MVC_View Document ***
38
MVC_MyKnob
-0.0115234375
*** MVC_View Document v1 ***
9
0
60
258
42
42
pin
0
0
0
1
numberUp
0
0
0
1
off
0
0
0
1
on
0.68625847868217
0.69971105844798
1
1
midiLearn
0
1
1
1
numberDown
1
0.5
0
1
label
1
1
1
1
disabled
0.3
0.3
0.3
1
focus
0
0
0
0
*** END MVC_View Document ***
15
MVC_MyKnob
1648.9472148297
*** MVC_View Document v1 ***
9
0
414
30
50
50
pin
0
0
0
1
numberUp
0
0
0
1
off
0
0
0
1
on
0.68625847868217
0.69971105844798
1
1
midiLearn
0
1
1
1
numberDown
1
0.5
0
1
label
1
1
1
1
disabled
0.3
0.3
0.3
1
focus
0
0
0
0
*** END MVC_View Document ***
25
MVC_MyKnob
1.7849846266564
*** MVC_View Document v1 ***
9
0
108
102
42
42
pin
0
0
0
1
numberUp
0
0
0
1
off
0
0
0
1
on
0.68625847868217
0.69971105844798
1
1
midiLearn
0
1
1
1
numberDown
1
0.5
0
1
label
1
1
1
1
disabled
0.3
0.3
0.3
1
focus
0
0
0
0
*** END MVC_View Document ***
20
MVC_MyKnob
2.5424136354319
*** MVC_View Document v1 ***
9
0
108
24
42
42
pin
0
0
0
1
numberUp
0
0
0
1
off
0
0
0
1
on
0.68625847868217
0.69971105844798
1
1
midiLearn
0
1
1
1
numberDown
1
0.5
0
1
label
1
1
1
1
disabled
0.3
0.3
0.3
1
focus
0
0
0
0
*** END MVC_View Document ***
23
MVC_MyKnob
-0.117880859375
*** MVC_View Document v1 ***
9
0
60
24
42
42
pin
0
0
0
1
numberUp
0
0
0
1
off
0
0
0
1
on
0.68625847868217
0.69971105844798
1
1
midiLearn
0
1
1
1
numberDown
1
0.5
0
1
label
1
1
1
1
disabled
0.3
0.3
0.3
1
focus
0
0
0
0
*** END MVC_View Document ***
27
MVC_NumberBox
0
*** MVC_View Document v1 ***
10
0
12
108
42
24
background
0.17853026140063
0.17527524797857
0.34589995155039
0.32052446705426
numberUp
0
0
0
1
backgroundDisabled
0.25
0.25
0.25
1
string
0.48395106589147
0.66124912810063
1
1
typing
1
0.5
0
1
numberDown
1
0.5
0
1
midiLearn
0
1
1
1
label
1
1
1
1
disabled
0.3
0.3
0.3
1
focus
0
0
0
0
*** END MVC_View Document ***
28
MVC_MyKnob
0.107763671875
*** MVC_View Document v1 ***
9
0
60
102
42
42
pin
0
0
0
1
numberUp
0
0
0
1
off
0
0
0
1
on
0.68625847868217
0.69971105844798
1
1
midiLearn
0
1
1
1
numberDown
1
0.5
0
1
label
1
1
1
1
disabled
0.3
0.3
0.3
1
focus
0
0
0
0
*** END MVC_View Document ***
LNX PRSeq DOC v1.2
0
LNX Score DOC v1.4
0
0
32
22
15
0
0
1
16
1
*** END Score DOC ***
*** END PRSeq DOC ***
SC URL Bank Doc v1.1

0
*** END URL Bank Doc ***
*** END INSTRUMENT DOC ***
