SC Code Doc v1.4
Template Version v1.1
LNX_Code
GendyWoob
17
0
0
1
4.5227552641655
0
0.01
1
0
0
127
-1
-inf
0
5
0
1
-inf
9
1
0
1
0
*** MIDI Control Doc v1.1
0
*** End MIDI Control Doc ***
841
10
47
47
32
80
111
119
101
114
66
97
115
115
32
98
121
32
74
117
97
110
10
10
83
121
110
116
104
68
101
102
40
34
80
111
119
101
114
66
97
115
115
34
44
32
123
124
111
117
116
44
32
97
109
112
44
32
118
101
108
44
32
100
101
116
117
110
101
61
48
44
32
102
114
101
113
44
32
109
105
100
105
44
32
112
97
110
44
32
103
97
116
101
61
49
44
32
102
105
108
116
70
114
101
113
61
56
56
48
48
44
32
113
61
48
46
53
44
32
100
117
114
61
50
44
32
98
112
109
44
32
119
111
111
98
95
114
97
116
101
61
50
44
32
109
101
103
97
98
97
115
115
61
49
44
32
100
105
115
116
111
114
116
61
48
44
32
115
97
116
117
114
97
116
101
61
50
44
32
115
101
110
100
79
117
116
44
32
115
101
110
100
65
109
112
124
10
9
118
97
114
32
115
105
103
110
97
108
44
32
102
69
110
118
59
10
9
115
105
103
110
97
108
32
61
32
71
101
110
100
121
49
46
97
114
40
109
105
110
102
114
101
113
58
102
114
101
113
45
100
101
116
117
110
101
44
32
109
97
120
102
114
101
113
58
102
114
101
113
43
100
101
116
117
110
101
41
59
10
9
115
105
103
110
97
108
32
61
32
115
105
103
110
97
108
32
43
32
83
105
110
79
115
99
46
97
114
40
102
114
101
113
44
48
46
53
112
105
44
109
101
103
97
98
97
115
115
41
59
10
9
115
105
103
110
97
108
32
61
32
77
111
111
103
76
97
100
100
101
114
46
97
114
40
115
105
103
110
97
108
44
32
76
70
67
117
98
46
107
114
40
40
98
112
109
47
54
48
41
42
40
119
111
111
98
95
114
97
116
101
41
41
46
114
97
110
103
101
40
102
114
101
113
44
32
102
105
108
116
70
114
101
113
41
44
32
113
41
59
10
9
115
105
103
110
97
108
32
61
32
76
105
109
105
116
101
114
46
97
114
40
115
105
103
110
97
108
46
99
108
105
112
50
40
49
45
100
105
115
116
111
114
116
41
42
40
49
43
40
100
105
115
116
111
114
116
42
49
48
41
41
42
115
97
116
117
114
97
116
101
41
46
115
111
102
116
99
108
105
112
59
10
9
115
105
103
110
97
108
32
61
32
115
105
103
110
97
108
32
42
32
69
110
118
71
101
110
46
97
114
40
69
110
118
46
97
100
115
114
40
48
46
48
48
49
44
32
48
46
49
44
32
48
46
53
44
32
48
46
53
41
44
32
103
97
116
101
44
32
118
101
108
44
32
48
44
32
100
117
114
44
32
50
41
59
10
9
76
78
88
95
79
117
116
40
115
105
103
110
97
108
44
111
117
116
44
97
109
112
44
112
97
110
44
115
101
110
100
79
117
116
44
115
101
110
100
65
109
112
41
59
10
9
10
125
44
32
109
101
116
97
100
97
116
97
58
32
40
32
115
112
101
99
115
58
32
40
32
115
97
116
117
114
97
116
101
58
91
49
44
52
93
44
32
100
105
115
116
111
114
116
58
91
48
44
32
48
46
57
53
93
44
32
109
101
103
97
98
97
115
115
58
92
97
109
112
44
32
119
111
111
98
95
114
97
116
101
58
91
48
44
32
49
50
44
32
92
108
105
110
44
32
49
93
44
32
100
101
116
117
110
101
58
32
91
48
44
50
48
93
44
32
102
105
108
116
70
114
101
113
58
32
92
102
114
101
113
44
32
113
58
32
92
117
110
105
112
111
108
97
114
44
32
116
114
97
110
115
58
92
112
105
116
99
104
65
100
106
44
32
108
102
111
70
114
101
113
58
92
108
111
119
70
114
101
113
44
10
9
108
102
111
65
109
112
58
92
117
110
105
112
111
108
97
114
32
41
41
41
10
10
4
8
volume
MVC_SmoothSlider
*** MVC_View Document v1 ***
12
0
60
265
190
45
backgroundDisabled
0.25
0.25
0.25
1
numberDown
1
1
1
1
midiLearn
0
1
1
1
background
0
0
0
0.37662337662338
hilite
0
0
0
0.3
knob
1
0.56589147286822
1
1
border
0
0
0
1
numberUp
0
0
0
1
knobDisabled
0.6
0.6
0.6
1
label
1
1
1
1
disabled
0.3
0.3
0.3
1
focus
1
0
0
1
*** END MVC_View Document ***
inAmp
MVC_MyKnob3
*** MVC_View Document v1 ***
10
0
568
268
26
26
pin
0
0
0
1
background
0
0
0
0.5
numberUp
0
0
0
1
off
0
0
0
1
on
1
0.55038759689922
1
1
midiLearn
0
1
1
1
numberDown
1
1
1
1
label
1
1
1
1
disabled
0.3
0.3
0.3
1
focus
0
0
0
0
*** END MVC_View Document ***
pan
MVC_MyKnob3
*** MVC_View Document v1 ***
10
0
305
270
35
35
pin
0
0
0
1
background
0
0
0
0.5
numberUp
0
0
0
1
off
0
0
0
1
on
1
0.55038759689922
1
1
midiLearn
0
1
1
1
numberDown
1
1
1
1
label
1
1
1
1
disabled
0.3
0.3
0.3
1
focus
0
0
0
0
*** END MVC_View Document ***
sendAmp
MVC_MyKnob3
*** MVC_View Document v1 ***
10
0
431
40
47
47
pin
0
0
0
1
background
0
0
0
0.5
numberUp
0
0
0
1
off
0
0
0
1
on
1
0.55038759689922
1
1
midiLearn
0
1
1
1
numberDown
1
1
1
1
label
1
1
1
1
disabled
0.3
0.3
0.3
1
focus
0
0
0
0
*** END MVC_View Document ***
3
MVC_MyKnob
0
*** MVC_View Document v1 ***
9
0
540
40
50
50
pin
0
0
0
1
numberUp
0
0
0
1
off
0
0
0
1
on
1
0.55038759689922
1
1
midiLearn
0
1
1
1
numberDown
1
0.5
0
1
label
1
1
1
1
disabled
0.3
0.3
0.3
1
focus
0
0
0
0
*** END MVC_View Document ***
10
MVC_MyKnob
1.51
*** MVC_View Document v1 ***
9
0
530
150
65
65
pin
0
0
0
1
numberUp
0
0
0
1
off
0
0
0
1
on
1
0.55038759689922
1
1
midiLearn
0
1
1
1
numberDown
1
1
1
1
label
1
1
1
1
disabled
0.3
0.3
0.3
1
focus
0
0
0
0
*** END MVC_View Document ***
12
MVC_MyKnob
2
*** MVC_View Document v1 ***
9
0
190
130
50
50
pin
0
0
0
1
numberUp
0
0
0
1
off
0
0
0
1
on
1
0.55038759689922
1
1
midiLearn
0
1
1
1
numberDown
1
0.5
0
1
label
1
1
1
1
disabled
0.3
0.3
0.3
1
focus
0
0
0
0
*** END MVC_View Document ***
9
MVC_MyKnob
0.47
*** MVC_View Document v1 ***
9
0
170
40
50
50
pin
0
0
0
1
numberUp
0
0
0
1
off
0
0
0
1
on
1
0.55038759689922
1
1
midiLearn
0
1
1
1
numberDown
1
1
1
1
label
1
1
1
1
disabled
0.3
0.3
0.3
1
focus
0
0
0
0
*** END MVC_View Document ***
15
MVC_MyKnob
1.33
*** MVC_View Document v1 ***
9
0
240
40
50
50
pin
0
0
0
1
numberUp
0
0
0
1
off
0
0
0
1
on
1
0.55038759689922
1
1
midiLearn
0
1
1
1
numberDown
1
0.5
0
1
label
1
1
1
1
disabled
0.3
0.3
0.3
1
focus
0
0
0
0
*** END MVC_View Document ***
13
MVC_MyKnob
1
*** MVC_View Document v1 ***
9
0
440
130
50
50
pin
0
0
0
1
numberUp
0
0
0
1
off
0
0
0
1
on
1
0.55038759689922
1
1
midiLearn
0
1
1
1
numberDown
1
0.5
0
1
label
1
1
1
1
disabled
0.3
0.3
0.3
1
focus
0
0
0
0
*** END MVC_View Document ***
14
MVC_MyKnob
0
*** MVC_View Document v1 ***
9
0
386
222
50
50
pin
0
0
0
1
numberUp
0
0
0
1
off
0
0
0
1
on
1
0.55038759689922
1
1
midiLearn
0
1
1
1
numberDown
1
0.5
0
1
label
1
1
1
1
disabled
0.3
0.3
0.3
1
focus
0
0
0
0
*** END MVC_View Document ***
8
MVC_MyKnob
1177.6873107112
*** MVC_View Document v1 ***
9
0
25
40
145
145
pin
0
0
0
1
numberUp
0
0
0
1
off
0
0
0
1
on
1
0.55038759689922
1
1
midiLearn
0
1
1
1
numberDown
1
1
1
1
label
1
1
1
1
disabled
0.3
0.3
0.3
1
focus
0
0
0
0
*** END MVC_View Document ***
LNX PRSeq DOC v1.2
0
LNX Score DOC v1.4
3
0
128
4.703125
15
0
1233
1
16
1
32
0
49
0.78740157480315
33
64
49
0.78740157480315
40
112
17
0.78740157480315
*** END Score DOC ***
*** END PRSeq DOC ***
*** END INSTRUMENT DOC ***
