SC Code Doc v1.5
Template Version v1.2
LNX_Code
MembraneC
24
0
0
1
0
0
0
1
0
0
127
-1
-inf
0
8
0
1
-inf
9
0.70794578438414
0
60
12
0
0
0
0
0
1
0
*** MIDI Control Doc v1.2
0
0
*** End MIDI Control Doc ***
733
47
47
32
77
101
109
98
114
97
110
101
67
105
114
99
108
101
10
10
83
121
110
116
104
68
101
102
40
34
76
78
88
95
77
101
109
98
114
97
110
101
67
34
44
32
123
124
111
117
116
44
32
97
109
112
44
32
118
101
108
44
32
102
114
101
113
44
32
109
105
100
105
44
32
112
97
110
44
32
103
97
116
101
61
49
44
32
115
101
110
100
79
117
116
44
32
115
101
110
100
65
109
112
44
32
105
110
44
32
105
110
65
109
112
44
10
9
9
9
9
9
98
112
109
44
32
99
108
111
99
107
44
32
105
95
99
108
111
99
107
44
32
112
111
108
108
44
32
102
105
108
116
70
114
101
113
61
49
56
48
48
44
32
113
61
48
46
53
44
32
100
117
114
61
49
44
32
116
101
110
115
105
111
110
44
32
108
111
115
115
32
124
10
9
118
97
114
32
115
105
103
110
97
108
59
10
9
118
97
114
32
101
120
99
105
116
97
116
105
111
110
32
61
32
69
110
118
71
101
110
46
107
114
40
69
110
118
46
112
101
114
99
44
32
103
97
116
101
44
32
116
105
109
101
83
99
97
108
101
58
32
48
46
49
44
32
100
111
110
101
65
99
116
105
111
110
58
32
48
41
10
9
9
9
9
9
42
32
80
105
110
107
78
111
105
115
101
46
97
114
40
48
46
52
41
59
10
9
115
105
103
110
97
108
32
61
32
77
101
109
98
114
97
110
101
67
105
114
99
108
101
46
97
114
40
101
120
99
105
116
97
116
105
111
110
44
32
116
101
110
115
105
111
110
42
40
102
114
101
113
47
54
48
46
109
105
100
105
99
112
115
41
44
32
108
111
115
115
41
59
10
9
10
9
115
105
103
110
97
108
32
61
32
68
70
77
49
46
97
114
40
115
105
103
110
97
108
44
32
102
105
108
116
70
114
101
113
32
42
32
118
101
108
44
32
113
41
59
10
9
115
105
103
110
97
108
32
61
32
115
105
103
110
97
108
32
42
32
69
110
118
71
101
110
46
97
114
40
69
110
118
46
110
101
119
40
91
49
44
49
44
48
93
44
32
91
48
44
50
93
44
32
91
45
52
44
45
52
93
44
32
49
41
44
32
103
97
116
101
44
32
118
101
108
42
48
46
53
44
32
48
44
32
100
117
114
44
32
50
41
59
10
9
10
9
76
78
88
95
79
117
116
40
115
105
103
110
97
108
44
32
111
117
116
44
32
97
109
112
42
50
44
32
112
97
110
44
32
115
101
110
100
79
117
116
44
32
115
101
110
100
65
109
112
41
59
10
9
10
9
47
47
32
115
105
103
110
97
108
46
112
111
108
108
40
112
111
108
108
41
59
32
47
47
32
117
115
101
32
102
111
114
32
100
101
98
117
103
103
105
110
103
10
9
10
125
44
32
109
101
116
97
100
97
116
97
58
32
40
32
115
112
101
99
115
58
32
40
32
102
105
108
116
70
114
101
113
58
32
92
102
114
101
113
44
32
113
58
32
92
117
110
105
112
111
108
97
114
44
32
116
101
110
115
105
111
110
58
91
48
46
48
49
44
48
46
49
93
44
32
108
111
115
115
58
91
48
46
57
57
57
57
57
57
44
48
46
57
57
57
44
32
92
101
120
112
93
32
41
41
41
10
10
4
5
volume
MVC_SmoothSlider
*** MVC_View Document v1 ***
13
0
567
20
30
100
backgroundDisabled
0.25
0.25
0.25
1
numberDown
1
1
1
1
midiLearn
0
1
1
1
background
0
0
0
0.37662337662338
hilite
0
0
0
0.3
knob
1
0.5
0
1
knobBorder
0
0
0
1
numberUp
0
0
0
1
knobDisabled
0.6
0.6
0.6
1
border
0
0
0
1
label
1
1
1
1
disabled
0.3
0.3
0.3
1
focus
1
0
0
1
*** END MVC_View Document ***
inAmp
MVC_MyKnob3
*** MVC_View Document v1 ***
10
0
568
268
26
26
pin
0
0
0
1
background
0
0
0
0.5
numberUp
0
0
0
1
off
0
0
0
1
on
1
0.5
0
1
midiLearn
0
1
1
1
numberDown
1
1
1
1
label
1
1
1
1
disabled
0.3
0.3
0.3
1
focus
0
0
0
0
*** END MVC_View Document ***
pan
MVC_MyKnob3
*** MVC_View Document v1 ***
10
0
568
152
26
26
pin
0
0
0
1
background
0
0
0
0.5
numberUp
0
0
0
1
off
0
0
0
1
on
1
0.5
0
1
midiLearn
0
1
1
1
numberDown
1
1
1
1
label
1
1
1
1
disabled
0.3
0.3
0.3
1
focus
0
0
0
0
*** END MVC_View Document ***
sendAmp
MVC_MyKnob3
*** MVC_View Document v1 ***
10
0
568
210
26
26
pin
0
0
0
1
background
0
0
0
0.5
numberUp
0
0
0
1
off
0
0
0
1
on
1
0.5
0
1
midiLearn
0
1
1
1
numberDown
1
1
1
1
label
1
1
1
1
disabled
0.3
0.3
0.3
1
focus
0
0
0
0
*** END MVC_View Document ***
16
MVC_MyKnob
0
*** MVC_View Document v1 ***
9
0
140
40
50
50
pin
0
0
0
1
numberUp
0
0
0
1
off
0
0
0
1
on
1
0.5
0
1
midiLearn
0
1
1
1
numberDown
1
0.5
0
1
label
1
1
1
1
disabled
0.3
0.3
0.3
1
focus
0
0
0
0
*** END MVC_View Document ***
17
MVC_MyKnob
1.021953125
*** MVC_View Document v1 ***
9
0
240
40
50
50
pin
0
0
0
1
numberUp
0
0
0
1
off
0
0
0
1
on
1
0.5
0
1
midiLearn
0
1
1
1
numberDown
1
0.5
0
1
label
1
1
1
1
disabled
0.3
0.3
0.3
1
focus
0
0
0
0
*** END MVC_View Document ***
19
MVC_MyKnob
0.99993573291278
*** MVC_View Document v1 ***
9
0
440
40
50
50
pin
0
0
0
1
numberUp
0
0
0
1
off
0
0
0
1
on
1
0.5
0
1
midiLearn
0
1
1
1
numberDown
1
0.5
0
1
label
1
1
1
1
disabled
0.3
0.3
0.3
1
focus
0
0
0
0
*** END MVC_View Document ***
15
MVC_MyKnob
20000
*** MVC_View Document v1 ***
9
0
40
40
50
50
pin
0
0
0
1
numberUp
0
0
0
1
off
0
0
0
1
on
1
0.5
0
1
midiLearn
0
1
1
1
numberDown
1
0.5
0
1
label
1
1
1
1
disabled
0.3
0.3
0.3
1
focus
0
0
0
0
*** END MVC_View Document ***
18
MVC_MyKnob
0.0326669921875
*** MVC_View Document v1 ***
9
0
340
40
50
50
pin
0
0
0
1
numberUp
0
0
0
1
off
0
0
0
1
on
1
0.5
0
1
midiLearn
0
1
1
1
numberDown
1
0.5
0
1
label
1
1
1
1
disabled
0.3
0.3
0.3
1
focus
0
0
0
0
*** END MVC_View Document ***
LNX PRSeq DOC v1.2
0
LNX Score DOC v1.4
0
0
32
19.21875
15
0
1020
1
16
1
*** END Score DOC ***
*** END PRSeq DOC ***
SC URL Bank Doc v1.1

0
*** END URL Bank Doc ***
*** END INSTRUMENT DOC ***
