SC Code Doc v1.4
Template Version v1.1
LNX_Code
My 1st Synth
17
0
0
1
-0.1433567223132
0
0.01
1
0
0
127
-1
-inf
0
8
0
1
-inf
9
0
0
1
0
*** MIDI Control Doc v1.1
0
*** End MIDI Control Doc ***
1044
10
47
47
32
77
121
32
49
115
116
32
83
89
110
116
104
32
98
121
32
110
69
105
108
10
10
83
121
110
116
104
68
101
102
40
34
76
78
88
95
83
97
119
49
34
44
32
123
124
111
117
116
44
32
97
109
112
44
32
118
101
108
111
99
105
116
121
44
32
102
114
101
113
44
32
109
105
100
105
44
32
112
97
110
44
32
103
97
116
101
61
49
44
32
115
101
110
100
79
117
116
44
32
115
101
110
100
65
109
112
44
32
100
117
114
61
49
44
32
9
102
105
108
116
70
114
101
113
61
49
56
48
48
44
32
113
61
48
46
53
44
103
97
105
110
44
32
116
121
112
101
44
32
110
111
105
115
101
76
101
118
101
108
44
32
107
101
121
44
32
116
114
97
110
115
61
48
44
32
108
102
111
65
109
112
61
48
46
49
44
32
108
102
111
70
114
101
113
61
49
48
44
32
118
101
108
65
100
106
61
48
124
10
10
9
118
97
114
32
115
105
103
110
97
108
44
32
107
101
121
65
100
106
59
10
9
10
9
109
105
100
105
32
61
32
109
105
100
105
32
43
32
116
114
97
110
115
59
32
47
47
32
97
100
100
32
116
114
97
110
115
112
111
115
101
32
116
111
32
109
105
100
105
32
110
111
116
101
10
9
10
9
118
101
108
111
99
105
116
121
32
61
32
118
101
108
65
100
106
46
108
105
110
108
105
110
40
48
44
49
44
118
101
108
111
99
105
116
121
44
48
46
56
41
59
32
47
47
32
115
99
97
108
101
32
116
104
101
32
118
101
108
111
99
105
116
121
10
9
10
9
115
105
103
110
97
108
32
61
32
83
97
119
46
97
114
40
40
109
105
100
105
43
83
105
110
79
115
99
46
97
114
40
108
102
111
70
114
101
113
44
48
44
108
102
111
65
109
112
41
41
46
109
105
100
105
99
112
115
46
99
108
105
112
40
48
44
50
50
48
48
48
41
44
32
50
41
59
32
47
47
32
116
104
101
32
115
97
119
32
111
115
99
10
9
10
9
107
101
121
65
100
106
32
61
32
40
109
105
100
105
46
109
105
100
105
99
112
115
47
52
57
46
109
105
100
105
99
112
115
41
59
32
47
47
32
115
99
97
108
101
32
116
104
101
32
102
105
108
116
101
114
32
102
114
101
113
32
116
111
32
109
105
100
105
32
110
111
116
101
10
9
10
9
115
105
103
110
97
108
32
61
32
68
70
77
49
46
97
114
40
115
105
103
110
97
108
44
32
40
102
105
108
116
70
114
101
113
32
42
32
118
101
108
111
99
105
116
121
41
32
42
32
40
107
101
121
46
108
105
110
108
105
110
40
48
44
49
44
49
44
107
101
121
65
100
106
41
41
10
9
9
9
9
44
32
113
44
32
103
97
105
110
46
100
98
97
109
112
44
32
116
121
112
101
44
32
110
111
105
115
101
76
101
118
101
108
46
100
98
97
109
112
41
59
32
47
47
32
116
104
101
32
102
105
108
116
101
114
10
9
10
9
47
47
32
97
112
112
108
121
32
116
104
101
32
101
110
118
101
108
111
112
101
10
9
115
105
103
110
97
108
32
61
32
115
105
103
110
97
108
32
42
32
69
110
118
71
101
110
46
97
114
40
69
110
118
46
110
101
119
40
91
49
44
49
44
48
93
44
32
91
48
44
50
93
44
32
91
45
52
44
45
52
93
44
32
49
41
44
32
103
97
116
101
44
32
118
101
108
111
99
105
116
121
44
32
48
44
32
100
117
114
44
32
50
41
59
10
9
10
9
76
78
88
95
79
117
116
40
115
105
103
110
97
108
44
32
111
117
116
44
32
97
109
112
44
32
112
97
110
44
32
115
101
110
100
79
117
116
44
32
115
101
110
100
65
109
112
41
59
32
47
47
32
115
101
110
100
32
116
104
101
32
111
117
116
112
117
116
32
116
111
32
116
104
101
32
115
116
117
100
105
111
10
9
10
125
44
32
109
101
116
97
100
97
116
97
58
32
40
32
115
112
101
99
115
58
32
40
32
102
105
108
116
70
114
101
113
58
32
92
102
114
101
113
44
32
113
58
32
91
48
44
49
46
53
93
44
32
103
97
105
110
58
92
100
98
44
32
116
121
112
101
58
92
115
119
105
116
99
104
44
32
110
111
105
115
101
76
101
118
101
108
58
92
100
98
44
10
9
107
101
121
58
92
98
105
112
111
108
97
114
44
32
116
114
97
110
115
58
92
112
105
116
99
104
65
100
106
44
32
108
102
111
70
114
101
113
58
92
108
111
119
70
114
101
113
44
32
108
102
111
65
109
112
58
92
117
110
105
112
111
108
97
114
10
10
32
41
41
41
10
10
4
11
volume
MVC_SmoothSlider
*** MVC_View Document v1 ***
12
0
567
20
30
100
backgroundDisabled
0.25
0.25
0.25
1
numberDown
1
1
1
1
midiLearn
0
1
1
1
background
0
0
0
0.37662337662338
hilite
0
0
0
0.3
knob
1
0
0.69767441860465
1
border
0
0
0
1
numberUp
0
0
0
1
knobDisabled
0.6
0.6
0.6
1
label
1
1
1
1
disabled
0.3
0.3
0.3
1
focus
1
0
0
1
*** END MVC_View Document ***
inAmp
MVC_MyKnob3
*** MVC_View Document v1 ***
10
0
568
268
26
26
pin
0
0
0
1
background
0
0
0
0.5
numberUp
0
0
0
1
off
0
0
0
1
on
1
0
0.6046511627907
1
midiLearn
0
1
1
1
numberDown
1
1
1
1
label
1
1
1
1
disabled
0.3
0.3
0.3
1
focus
0
0
0
0
*** END MVC_View Document ***
pan
MVC_MyKnob3
*** MVC_View Document v1 ***
10
0
568
158
26
26
pin
0
0
0
1
background
0
0
0
0.5
numberUp
0
0
0
1
off
0
0
0
1
on
1
0
0.6046511627907
1
midiLearn
0
1
1
1
numberDown
1
1
1
1
label
1
1
1
1
disabled
0.3
0.3
0.3
1
focus
0
0
0
0
*** END MVC_View Document ***
sendAmp
MVC_MyKnob3
*** MVC_View Document v1 ***
10
0
568
210
26
26
pin
0
0
0
1
background
0
0
0
0.5
numberUp
0
0
0
1
off
0
0
0
1
on
1
0
0.6046511627907
1
midiLearn
0
1
1
1
numberDown
1
1
1
1
label
1
1
1
1
disabled
0.3
0.3
0.3
1
focus
0
0
0
0
*** END MVC_View Document ***
10
MVC_MyKnob
460.0776103392
*** MVC_View Document v1 ***
9
0
7
47
122
122
pin
0
0
0
1
numberUp
0
0
0
1
off
0
0
0
1
on
1
0
0.6046511627907
1
midiLearn
0
1
1
1
numberDown
1
0.5
0
1
label
1
1
1
1
disabled
0.3
0.3
0.3
1
focus
0
0
0
0
*** END MVC_View Document ***
11
MVC_MyKnob
0.727880859375
*** MVC_View Document v1 ***
9
0
140
40
50
50
pin
0
0
0
1
numberUp
0
0
0
1
off
0
0
0
1
on
1
0
0.6046511627907
1
midiLearn
0
1
1
1
numberDown
1
0.5
0
1
label
1
1
1
1
disabled
0.3
0.3
0.3
1
focus
0
0
0
0
*** END MVC_View Document ***
13
MVC_OnOffRoundedView
0
*** MVC_View Document v1 ***
13
0
24
206
80
35
offDisabled
0.2
0.2
0.2
1
off
0.67441860465116
0.10077519379845
0.52767261582837
1
on
1
0
0.6046511627907
1
midiLearn
0
1
1
1
numberDown
1
0.5
0
1
background
0
0
0
1
onDisabled
0.5
0.5
0.5
1
numberUp
0
0
0
1
string
0
0
0
1
stringDisabled
0.35
0.35
0.35
1
label
1
1
1
1
disabled
0.3
0.3
0.3
1
focus
0
0
0
0
*** END MVC_View Document ***
16
MVC_MyKnob
12
*** MVC_View Document v1 ***
9
0
240
130
50
50
pin
0
0
0
1
numberUp
0
0
0
1
off
0
0
0
1
on
1
0
0.6046511627907
1
midiLearn
0
1
1
1
numberDown
1
0.5
0
1
label
1
1
1
1
disabled
0.3
0.3
0.3
1
focus
0
0
0
0
*** END MVC_View Document ***
17
MVC_MyKnob
0.105
*** MVC_View Document v1 ***
9
0
340
130
50
50
pin
0
0
0
1
numberUp
0
0
0
1
off
0
0
0
1
on
1
0
0.6046511627907
1
midiLearn
0
1
1
1
numberDown
1
0.5
0
1
label
1
1
1
1
disabled
0.3
0.3
0.3
1
focus
0
0
0
0
*** END MVC_View Document ***
18
MVC_MyKnob
1.4791083881682
*** MVC_View Document v1 ***
9
0
440
130
50
50
pin
0
0
0
1
numberUp
0
0
0
1
off
0
0
0
1
on
1
0
0.6046511627907
1
midiLearn
0
1
1
1
numberDown
1
0.5
0
1
label
1
1
1
1
disabled
0.3
0.3
0.3
1
focus
0
0
0
0
*** END MVC_View Document ***
9
MVC_MyKnob
0.81
*** MVC_View Document v1 ***
9
0
240
40
50
50
pin
0
0
0
1
numberUp
0
0
0
1
off
0
0
0
1
on
1
0
0.6046511627907
1
midiLearn
0
1
1
1
numberDown
1
0.5
0
1
label
1
1
1
1
disabled
0.3
0.3
0.3
1
focus
0
0
0
0
*** END MVC_View Document ***
15
MVC_MyKnob
0.1
*** MVC_View Document v1 ***
9
0
140
130
50
50
pin
0
0
0
1
numberUp
0
0
0
1
off
0
0
0
1
on
1
0
0.6046511627907
1
midiLearn
0
1
1
1
numberDown
1
0.5
0
1
label
1
1
1
1
disabled
0.3
0.3
0.3
1
focus
0
0
0
0
*** END MVC_View Document ***
14
MVC_MyKnob
-40.891055788446
*** MVC_View Document v1 ***
9
0
440
40
50
50
pin
0
0
0
1
numberUp
0
0
0
1
off
0
0
0
1
on
1
0
0.6046511627907
1
midiLearn
0
1
1
1
numberDown
1
0.5
0
1
label
1
1
1
1
disabled
0.3
0.3
0.3
1
focus
0
0
0
0
*** END MVC_View Document ***
19
MVC_MyKnob
0.55
*** MVC_View Document v1 ***
9
0
140
220
50
50
pin
0
0
0
1
numberUp
0
0
0
1
off
0
0
0
1
on
1
0
0.6046511627907
1
midiLearn
0
1
1
1
numberDown
1
0.5
0
1
label
1
1
1
1
disabled
0.3
0.3
0.3
1
focus
0
0
0
0
*** END MVC_View Document ***
12
MVC_MyKnob
-18.998207718526
*** MVC_View Document v1 ***
9
0
340
40
50
50
pin
0
0
0
1
numberUp
0
0
0
1
off
0
0
0
1
on
1
0
0.6046511627907
1
midiLearn
0
1
1
1
numberDown
1
0.5
0
1
label
1
1
1
1
disabled
0.3
0.3
0.3
1
focus
0
0
0
0
*** END MVC_View Document ***
LNX PRSeq DOC v1.2
0
LNX Score DOC v1.4
0
0
128
4.703125
15
0
1014
1
16
1
*** END Score DOC ***
*** END PRSeq DOC ***
*** END INSTRUMENT DOC ***
