SC Code Doc v1.4
Template Version v1.1
LNX_Code
Piano
17
0
0
1
0.010594247727497
0
0
1
0
0
127
-1
-inf
0
8
0
1
-inf
9
1
0
1
0
*** MIDI Control Doc v1.1
0
*** End MIDI Control Doc ***
965
47
47
32
65
32
80
105
97
110
111
32
40
86
83
84
32
98
121
32
80
97
117
108
32
75
101
108
108
101
116
116
44
32
83
67
32
112
111
114
116
32
68
97
110
32
83
116
111
119
101
108
108
41
10
10
83
121
110
116
104
68
101
102
40
34
80
105
97
110
111
34
44
32
123
124
111
117
116
44
32
97
109
112
44
32
118
101
108
44
32
102
114
101
113
44
32
109
105
100
105
44
32
112
97
110
44
32
103
97
116
101
61
49
44
32
115
101
110
100
79
117
116
44
32
115
101
110
100
65
109
112
44
32
112
111
108
108
44
10
9
9
9
9
116
114
97
110
115
112
111
115
101
44
32
100
101
99
97
121
44
32
114
101
108
101
97
115
101
44
104
97
114
100
44
32
118
101
108
72
97
114
100
44
118
101
108
67
117
114
118
101
44
32
118
101
108
77
105
110
44
32
118
101
108
77
97
120
44
32
115
116
101
114
101
111
44
10
9
9
9
9
108
102
111
70
114
101
113
44
32
108
102
111
65
109
112
44
32
108
102
111
80
104
97
115
101
32
124
10
9
118
97
114
32
115
105
103
110
97
108
59
10
9
10
9
118
101
108
32
61
32
118
101
108
46
108
105
110
108
105
110
40
48
44
49
44
118
101
108
77
105
110
44
118
101
108
77
97
120
41
32
42
49
50
55
59
32
10
9
97
109
112
32
61
32
97
109
112
32
42
32
48
46
54
54
32
42
32
40
50
32
45
32
40
118
101
108
67
117
114
118
101
42
42
49
46
50
53
41
41
59
10
9
10
9
115
105
103
110
97
108
32
61
32
77
100
97
80
105
97
110
111
46
97
114
40
40
109
105
100
105
43
116
114
97
110
115
112
111
115
101
41
46
109
105
100
105
99
112
115
44
32
103
97
116
101
44
32
118
101
108
44
32
100
101
99
97
121
44
32
114
101
108
101
97
115
101
44
32
104
97
114
100
44
10
9
9
9
9
9
9
118
101
108
72
97
114
100
44
32
118
101
108
99
117
114
118
101
58
118
101
108
67
117
114
118
101
44
32
115
116
101
114
101
111
58
115
116
101
114
101
111
44
32
115
117
115
116
97
105
110
58
48
41
59
10
9
68
101
116
101
99
116
83
105
108
101
110
99
101
46
97
114
40
115
105
103
110
97
108
44
32
48
46
48
49
44
32
100
111
110
101
65
99
116
105
111
110
58
50
41
59
10
9
10
9
115
105
103
110
97
108
32
61
32
115
105
103
110
97
108
32
42
32
83
105
110
79
115
99
46
97
114
40
108
102
111
70
114
101
113
44
40
108
102
111
80
104
97
115
101
47
50
43
48
46
53
41
42
32
112
105
44
108
102
111
65
109
112
42
48
46
53
44
49
45
40
108
102
111
65
109
112
42
48
46
53
41
41
59
10
9
115
105
103
110
97
108
32
61
32
115
105
103
110
97
108
32
42
32
69
110
118
71
101
110
46
97
114
40
69
110
118
46
110
101
119
40
91
49
44
49
44
48
93
44
91
100
101
99
97
121
44
114
101
108
101
97
115
101
42
52
93
44
91
45
52
44
45
52
93
44
49
41
44
32
103
97
116
101
44
32
49
44
32
48
44
32
49
44
32
50
41
59
10
9
10
9
76
78
88
95
79
117
116
40
115
105
103
110
97
108
44
111
117
116
44
97
109
112
44
112
97
110
44
115
101
110
100
79
117
116
44
115
101
110
100
65
109
112
41
59
10
9
10
125
44
32
109
101
116
97
100
97
116
97
58
32
40
32
115
112
101
99
115
58
32
40
32
102
105
108
116
70
114
101
113
58
32
92
102
114
101
113
44
32
113
58
32
92
117
110
105
112
111
108
97
114
44
32
116
114
97
110
115
112
111
115
101
58
92
116
114
97
110
115
112
111
115
101
44
10
9
9
9
9
9
9
100
101
99
97
121
58
91
48
44
50
93
44
32
114
101
108
101
97
115
101
58
91
48
46
49
44
50
93
44
32
104
97
114
100
58
91
45
50
44
50
93
44
32
118
101
108
72
97
114
100
58
91
48
44
50
93
44
10
9
9
9
9
9
9
108
102
111
70
114
101
113
58
92
108
111
119
70
114
101
113
44
32
118
101
108
77
97
120
58
91
48
44
49
44
92
108
105
110
44
48
44
49
93
10
41
41
41
4
12
volume
MVC_SmoothSlider
*** MVC_View Document v1 ***
12
0
567
20
30
100
backgroundDisabled
0.25
0.25
0.25
1
numberDown
1
1
1
1
midiLearn
0
1
1
1
background
0
0
0
0.37662337662338
hilite
0
0
0
0.3
knob
0
1
0.88372093023256
1
border
0
0
0
1
numberUp
0
0
0
1
knobDisabled
0.6
0.6
0.6
1
label
1
1
1
1
disabled
0.3
0.3
0.3
1
focus
1
0
0
1
*** END MVC_View Document ***
inAmp
MVC_MyKnob3
*** MVC_View Document v1 ***
10
0
568
268
26
26
pin
0
0
0
1
background
0
0
0
0.5
numberUp
0
0
0
1
off
0
0
0
1
on
0
0.88372093023256
1
1
midiLearn
0
1
1
1
numberDown
1
1
1
1
label
1
1
1
1
disabled
0.3
0.3
0.3
1
focus
0
0
0
0
*** END MVC_View Document ***
pan
MVC_MyKnob3
*** MVC_View Document v1 ***
10
0
570
155
30
30
pin
0
0
0
1
background
0
0
0
0.5
numberUp
0
0
0
1
off
0
0
0
1
on
0
0.88372093023256
1
1
midiLearn
0
1
1
1
numberDown
1
1
1
1
label
1
1
1
1
disabled
0.3
0.3
0.3
1
focus
0
0
0
0
*** END MVC_View Document ***
sendAmp
MVC_MyKnob3
*** MVC_View Document v1 ***
10
0
570
215
30
30
pin
0
0
0
1
background
0
0
0
0.5
numberUp
0
0
0
1
off
0
0
0
1
on
0
0.88372093023256
1
1
midiLearn
0
1
1
1
numberDown
1
1
1
1
label
1
1
1
1
disabled
0.3
0.3
0.3
1
focus
0
0
0
0
*** END MVC_View Document ***
10
MVC_NumberBox
0
*** MVC_View Document v1 ***
10
0
305
120
40
20
background
0.33279250045069
0.45923838991116
0.6046511627907
1
numberUp
0
0
0
1
backgroundDisabled
0.25
0.25
0.25
1
string
0
0.97674418604651
1
1
typing
1
0.5
0
1
numberDown
1
0.5
0
1
midiLearn
0
1
1
1
label
1
1
1
1
disabled
0.3
0.3
0.3
1
focus
0
0
0
0
*** END MVC_View Document ***
11
MVC_MyKnob
1.16
*** MVC_View Document v1 ***
9
0
245
220
75
75
pin
0
0
0
1
numberUp
0
0
0
1
off
0
0
0
1
on
0
0.88372093023256
1
1
midiLearn
0
1
1
1
numberDown
1
0.5
0
1
label
1
1
1
1
disabled
0.3
0.3
0.3
1
focus
0
0
0
0
*** END MVC_View Document ***
13
MVC_SmoothSlider
-1.3286746231156
*** MVC_View Document v1 ***
12
0
45
15
205
40
backgroundDisabled
0.25
0.25
0.25
1
numberDown
1
0.5
0
1
midiLearn
0
1
1
1
background
0
0
0
0.37662337662338
hilite
0
0
0
0.3
knob
0
1
0.88372093023256
1
border
0
0
0
1
numberUp
0
0
0
1
knobDisabled
0.6
0.6
0.6
1
label
1
1
1
1
disabled
0.3
0.3
0.3
1
focus
0
0
0
0
*** END MVC_View Document ***
16
MVC_MyKnob
0.17
*** MVC_View Document v1 ***
9
0
75
155
50
50
pin
0
0
0
1
numberUp
0
0
0
1
off
0
0
0
1
on
0
0.88372093023256
1
1
midiLearn
0
1
1
1
numberDown
1
0.5
0
1
label
1
1
1
1
disabled
0.3
0.3
0.3
1
focus
0
0
0
0
*** END MVC_View Document ***
17
MVC_MyKnob
0.805
*** MVC_View Document v1 ***
9
0
155
155
50
50
pin
0
0
0
1
numberUp
0
0
0
1
off
0
0
0
1
on
0
0.88372093023256
1
1
midiLearn
0
1
1
1
numberDown
1
0.5
0
1
label
1
1
1
1
disabled
0.3
0.3
0.3
1
focus
0
0
0
0
*** END MVC_View Document ***
18
MVC_MyKnob3
1
*** MVC_View Document v1 ***
10
0
570
280
30
30
pin
0
0
0
1
background
0
0
0
0.5
numberUp
0
0
0
1
off
0
0
0
1
on
0
0.88372093023256
1
1
midiLearn
0
1
1
1
numberDown
1
0.5
0
1
label
1
1
1
1
disabled
0.3
0.3
0.3
1
focus
0
0
0
0
*** END MVC_View Document ***
21
MVC_MyKnob
1
*** MVC_View Document v1 ***
9
0
430
120
50
50
pin
0
0
0
1
numberUp
0
0
0
1
off
0
0
0
1
on
0
0.88372093023256
1
1
midiLearn
0
1
1
1
numberDown
1
0.5
0
1
label
1
1
1
1
disabled
0.3
0.3
0.3
1
focus
0
0
0
0
*** END MVC_View Document ***
15
MVC_MyKnob
1
*** MVC_View Document v1 ***
9
0
155
75
50
50
pin
0
0
0
1
numberUp
0
0
0
1
off
0
0
0
1
on
0
0.88372093023256
1
1
midiLearn
0
1
1
1
numberDown
1
0.5
0
1
label
1
1
1
1
disabled
0.3
0.3
0.3
1
focus
0
0
0
0
*** END MVC_View Document ***
20
MVC_MyKnob
0
*** MVC_View Document v1 ***
9
0
460
40
50
50
pin
0
0
0
1
numberUp
0
0
0
1
off
0
0
0
1
on
0
0.88372093023256
1
1
midiLearn
0
1
1
1
numberDown
1
0.5
0
1
label
1
1
1
1
disabled
0.3
0.3
0.3
1
focus
0
0
0
0
*** END MVC_View Document ***
14
MVC_MyKnob
0.58
*** MVC_View Document v1 ***
9
0
75
75
50
50
pin
0
0
0
1
numberUp
0
0
0
1
off
0
0
0
1
on
0
0.88372093023256
1
1
midiLearn
0
1
1
1
numberDown
1
0.5
0
1
label
1
1
1
1
disabled
0.3
0.3
0.3
1
focus
0
0
0
0
*** END MVC_View Document ***
19
MVC_MyKnob
8.0352612218565
*** MVC_View Document v1 ***
9
0
400
40
50
50
pin
0
0
0
1
numberUp
0
0
0
1
off
0
0
0
1
on
0
0.88372093023256
1
1
midiLearn
0
1
1
1
numberDown
1
0.5
0
1
label
1
1
1
1
disabled
0.3
0.3
0.3
1
focus
0
0
0
0
*** END MVC_View Document ***
12
MVC_MyKnob
1.3065
*** MVC_View Document v1 ***
9
0
345
220
75
75
pin
0
0
0
1
numberUp
0
0
0
1
off
0
0
0
1
on
0
0.88372093023256
1
1
midiLearn
0
1
1
1
numberDown
1
0.5
0
1
label
1
1
1
1
disabled
0.3
0.3
0.3
1
focus
0
0
0
0
*** END MVC_View Document ***
LNX PRSeq DOC v1.2
0
LNX Score DOC v1.4
0
0
512
1.17578125
11
0
536
1
16
1
*** END Score DOC ***
*** END PRSeq DOC ***
*** END INSTRUMENT DOC ***
