SC Code Doc v1.5
Template Version v1.2
LNX_Code
sub37 Bass 1
23
0
0
1
4.2306566599227
0
0.0512109375
1
0
0
127
-2
-36.620851020652
0
8
2
1
-inf
9
0.45901309742647
1
60
12
0
0
1
0
1
0
*** MIDI Control Doc v1.2
0
0
*** End MIDI Control Doc ***
822
10
47
47
32
65
32
115
105
109
112
108
101
32
83
121
110
116
104
68
101
102
32
116
101
109
112
108
97
116
101
10
10
83
121
110
116
104
68
101
102
40
34
76
78
88
95
83
97
119
49
34
44
32
123
124
111
117
116
44
32
97
109
112
44
32
118
101
108
44
32
102
114
101
113
44
32
109
105
100
105
44
32
112
97
110
44
32
103
97
116
101
61
49
44
32
115
101
110
100
79
117
116
44
32
115
101
110
100
65
109
112
44
10
9
9
9
9
9
98
112
109
44
32
99
108
111
99
107
44
32
105
95
99
108
111
99
107
44
32
112
111
108
108
44
32
100
117
114
61
49
44
32
97
116
116
97
99
107
44
32
108
102
111
65
44
32
108
102
111
70
44
10
9
9
9
9
9
98
117
102
76
44
32
98
117
102
82
44
32
98
117
102
82
97
116
101
44
32
98
117
102
65
109
112
44
32
98
117
102
83
116
97
114
116
70
114
97
109
101
44
32
98
117
102
83
116
97
114
116
80
111
115
44
32
98
117
102
76
111
111
112
44
32
98
117
102
68
117
114
44
10
9
9
9
9
9
114
105
110
103
70
114
101
113
44
32
114
105
110
103
65
109
112
10
9
9
9
9
9
124
10
9
118
97
114
32
115
105
103
110
97
108
59
10
9
10
9
115
105
103
110
97
108
32
61
32
80
108
97
121
66
117
102
46
97
114
40
49
44
91
98
117
102
76
44
32
98
117
102
82
93
44
32
66
117
102
82
97
116
101
83
99
97
108
101
46
107
114
40
91
98
117
102
76
44
32
98
117
102
82
93
41
32
42
32
40
98
117
102
82
97
116
101
43
10
9
10
9
9
9
9
9
83
105
110
79
115
99
46
97
114
40
108
102
111
70
44
48
44
108
102
111
65
42
42
50
44
48
41
10
9
41
44
32
10
9
9
9
9
9
9
9
9
108
111
111
112
58
98
117
102
76
111
111
112
44
32
115
116
97
114
116
80
111
115
58
98
117
102
83
116
97
114
116
70
114
97
109
101
41
32
42
32
98
117
102
65
109
112
59
10
9
9
9
9
9
9
9
9
10
9
115
105
103
110
97
108
32
61
32
115
105
103
110
97
108
32
42
32
83
105
110
79
115
99
46
97
114
40
114
105
110
103
70
114
101
113
44
112
105
47
50
44
114
105
110
103
65
109
112
47
50
44
49
32
45
32
40
114
105
110
103
65
109
112
47
50
41
41
59
10
9
9
9
9
9
9
9
9
9
9
10
9
115
105
103
110
97
108
32
61
32
115
105
103
110
97
108
32
42
32
69
110
118
71
101
110
46
97
114
40
69
110
118
46
110
101
119
40
91
48
44
49
44
48
93
44
32
91
97
116
116
97
99
107
32
44
50
93
44
32
91
45
52
44
45
52
93
44
32
49
41
44
32
103
97
116
101
44
32
118
101
108
44
32
48
44
32
100
117
114
42
98
117
102
68
117
114
44
32
50
41
59
10
9
10
9
76
78
88
95
79
117
116
40
115
105
103
110
97
108
44
32
111
117
116
44
32
97
109
112
44
32
112
97
110
44
32
115
101
110
100
79
117
116
44
32
115
101
110
100
65
109
112
41
59
10
9
10
9
47
47
115
97
109
112
108
101
76
46
112
111
108
108
40
112
111
108
108
41
59
32
47
47
32
117
115
101
32
102
111
114
32
100
101
98
117
103
103
105
110
103
10
9
10
125
44
32
109
101
116
97
100
97
116
97
58
32
40
32
115
112
101
99
115
58
32
40
108
102
111
70
58
92
108
111
102
114
101
113
44
32
114
105
110
103
70
114
101
113
58
92
108
111
102
114
101
113
41
41
41
10
4
6
volume
MVC_SmoothSlider
*** MVC_View Document v1 ***
13
0
560
24
40
168
backgroundDisabled
0.25
0.25
0.25
1
numberDown
1
1
1
1
midiLearn
0
1
1
1
background
0.85453003875969
0.85453003875969
0.85453003875969
0.37091206395349
hilite
0
0
0
0.63620397286822
knob
0
0
0
1
border
0.58869307170543
0.84780765503876
0.84780765503876
1
knobBorder
0.58499878875969
0.82939680232558
0.8375121124031
1
knobDisabled
0.6
0.6
0.6
1
numberUp
0
0
0
1
label
1
1
1
1
disabled
0.3
0.3
0.3
1
focus
1
0
0
1
*** END MVC_View Document ***
inAmp
MVC_MyKnob3
*** MVC_View Document v1 ***
10
0
568
268
26
26
pin
0
0
0
1
background
0.85453003875969
0.85453003875969
0.85453003875969
0.37091206395349
numberUp
0
0
0
1
off
0
0
0
1
on
0.49355014534884
0.74000726744186
0.78112887596899
1
midiLearn
0
1
1
1
numberDown
1
1
1
1
label
1
1
1
1
disabled
0.3
0.3
0.3
1
focus
0
0
0
0
*** END MVC_View Document ***
pan
MVC_MyKnob3
*** MVC_View Document v1 ***
10
0
568
224
26
26
pin
0
0
0
1
background
0.85453003875969
0.85453003875969
0.85453003875969
0.37091206395349
numberUp
0
0
0
1
off
0
0
0
1
on
0.49355014534884
0.74000726744186
0.78112887596899
1
midiLearn
0
1
1
1
numberDown
1
1
1
1
label
1
1
1
1
disabled
0.3
0.3
0.3
1
focus
0
0
0
0
*** END MVC_View Document ***
sendAmp
MVC_MyKnob3
*** MVC_View Document v1 ***
10
0
568
288
26
26
pin
0
0
0
1
background
0.85453003875969
0.85453003875969
0.85453003875969
0.37091206395349
numberUp
0
0
0
1
off
0
0
0
1
on
0.49355014534884
0.74000726744186
0.78112887596899
1
midiLearn
0
1
1
1
numberDown
1
1
1
1
label
1
1
1
1
disabled
0.3
0.3
0.3
1
focus
0
0
0
0
*** END MVC_View Document ***
26
MVC_SmoothSlider
0
*** MVC_View Document v1 ***
13
0
400
24
56
272
backgroundDisabled
0.25
0.25
0.25
1
numberDown
1
0.5
0
1
midiLearn
0
1
1
1
background
0.85453003875969
0.85453003875969
0.85453003875969
0.37091206395349
hilite
0
0
0
0.63620397286822
knob
0
0
0
1
border
0.58869307170543
0.84780765503876
0.84780765503876
1
knobBorder
0.58499878875969
0.82939680232558
0.8375121124031
1
knobDisabled
0.6
0.6
0.6
1
numberUp
0
0
0
1
label
1
1
1
1
disabled
0.3
0.3
0.3
1
focus
0
0
0
0
*** END MVC_View Document ***
15
MVC_SmoothSlider
0
*** MVC_View Document v1 ***
13
0
224
24
56
272
backgroundDisabled
0.25
0.25
0.25
1
numberDown
1
0.5
0
1
midiLearn
0
1
1
1
background
0.85453003875969
0.85453003875969
0.85453003875969
0.37091206395349
hilite
0
0
0
0.63620397286822
knob
0
0
0
1
border
0.58869307170543
0.84780765503876
0.84780765503876
1
knobBorder
0.58499878875969
0.82939680232558
0.8375121124031
1
knobDisabled
0.6
0.6
0.6
1
numberUp
0
0
0
1
label
1
1
1
1
disabled
0.3
0.3
0.3
1
focus
0
0
0
0
*** END MVC_View Document ***
25
MVC_SmoothSlider
7.0647271713197
*** MVC_View Document v1 ***
13
0
464
24
56
272
backgroundDisabled
0.25
0.25
0.25
1
numberDown
1
0.5
0
1
midiLearn
0
1
1
1
background
0.85453003875969
0.85453003875969
0.85453003875969
0.37091206395349
hilite
0
0
0
0.63620397286822
knob
0
0
0
1
border
0.58869307170543
0.84780765503876
0.84780765503876
1
knobBorder
0.58499878875969
0.82939680232558
0.8375121124031
1
knobDisabled
0.6
0.6
0.6
1
numberUp
0
0
0
1
label
1
1
1
1
disabled
0.3
0.3
0.3
1
focus
0
0
0
0
*** END MVC_View Document ***
13
MVC_SmoothSlider
0.050869360902256
*** MVC_View Document v1 ***
13
0
120
24
56
272
backgroundDisabled
0.25
0.25
0.25
1
numberDown
1
0.5
0
1
midiLearn
0
1
1
1
background
0.85453003875969
0.85453003875969
0.85453003875969
0.37091206395349
hilite
0
0
0
0.63620397286822
knob
0
0
0
1
border
0.58869307170543
0.84780765503876
0.84780765503876
1
knobBorder
0.58499878875969
0.82939680232558
0.8375121124031
1
knobDisabled
0.6
0.6
0.6
1
numberUp
0
0
0
1
label
1
1
1
1
disabled
0.3
0.3
0.3
1
focus
0
0
0
0
*** END MVC_View Document ***
16
MVC_SmoothSlider
0.71054546231404
*** MVC_View Document v1 ***
13
0
288
24
56
272
backgroundDisabled
0.25
0.25
0.25
1
numberDown
1
0.5
0
1
midiLearn
0
1
1
1
background
0.85453003875969
0.85453003875969
0.85453003875969
0.37091206395349
hilite
0
0
0
0.63620397286822
knob
0
0
0
1
border
0.58869307170543
0.84780765503876
0.84780765503876
1
knobBorder
0.58499878875969
0.82939680232558
0.8375121124031
1
knobDisabled
0.6
0.6
0.6
1
numberUp
0
0
0
1
label
1
1
1
1
disabled
0.3
0.3
0.3
1
focus
0
0
0
0
*** END MVC_View Document ***
14
MVC_SmoothSlider
0
*** MVC_View Document v1 ***
13
0
56
24
56
272
backgroundDisabled
0.25
0.25
0.25
1
numberDown
1
0.5
0
1
midiLearn
0
1
1
1
background
0.85453003875969
0.85453003875969
0.85453003875969
0.37091206395349
hilite
0
0
0
0.63620397286822
knob
0
0
0
1
border
0.58869307170543
0.84780765503876
0.84780765503876
1
knobBorder
0.58499878875969
0.82939680232558
0.8375121124031
1
knobDisabled
0.6
0.6
0.6
1
numberUp
0
0
0
1
label
1
1
1
1
disabled
0.3
0.3
0.3
1
focus
0
0
0
0
*** END MVC_View Document ***
LNX PRSeq DOC v1.2
0
LNX Score DOC v1.4
0
0
32
19.21875
8
0
0
1
16
4
*** END Score DOC ***
*** END PRSeq DOC ***
SC URL Bank Doc v1.1

16
file://BATCH/sub37 bass_bin 1/sub37 bass 001.aiff
1
0
120
1
0
0
sub37 bass 001.aiff
40.09773046875
0.0043576684328589
100
file://BATCH/sub37 bass_bin 1/sub37 bass 002.aiff
1
0
120
1
0
0
sub37 bass 002.aiff
42.09773046875
0.0064904744869018
100
file://BATCH/sub37 bass_bin 1/sub37 bass 003.aiff
1
0
120
1
0
0
sub37 bass 003.aiff
44.09773046875
0.0045472198587046
100
file://BATCH/sub37 bass_bin 1/sub37 bass 004.aiff
1
0
120
1
0
0
sub37 bass 004.aiff
46.09773046875
0.0047479509913882
100
file://BATCH/sub37 bass_bin 1/sub37 bass 005.aiff
1
0
120
1
0
0
sub37 bass 005.aiff
48.09773046875
0.0068493330045895
100
file://BATCH/sub37 bass_bin 1/sub37 bass 006.aiff
1
0
120
1
0
0
sub37 bass 006.aiff
50.09773046875
0.0046728153039913
100
file://BATCH/sub37 bass_bin 1/sub37 bass 007.aiff
1
0
120
1
0
0
sub37 bass 007.aiff
52.09773046875
0.0047412028800536
100
file://BATCH/sub37 bass_bin 1/sub37 bass 008.aiff
1
0
120
1
0
0
sub37 bass 008.aiff
54.09773046875
0.0064972225982364
100
file://BATCH/sub37 bass_bin 1/sub37 bass 009.aiff
1
0
120
1
0
0
sub37 bass 009.aiff
56.09773046875
0.0045942552018874
100
file://BATCH/sub37 bass_bin 1/sub37 bass 010.aiff
1
0
120
1
0
0
sub37 bass 010.aiff
58.09773046875
0.0048342663856229
100
file://BATCH/sub37 bass_bin 1/sub37 bass 011.aiff
1
0
120
1
0
0
sub37 bass 011.aiff
60.09773046875
0.0064769782642327
100
file://BATCH/sub37 bass_bin 1/sub37 bass 012.aiff
1
0
120
1
0
0
sub37 bass 012.aiff
62.09773046875
0.0046402833642739
100
file://BATCH/sub37 bass_bin 1/sub37 bass 013.aiff
1
0
120
1
0
0
sub37 bass 013.aiff
64.09773046875
0.0047501667891399
100
file://BATCH/sub37 bass_bin 1/sub37 bass 014.aiff
1
0
120
1
0
0
sub37 bass 014.aiff
66.09773046875
0.0065319703357054
100
file://BATCH/sub37 bass_bin 1/sub37 bass 015.aiff
1
0
120
1
0
0
sub37 bass 015.aiff
68.09773046875
0.0046907431221638
100
file://BATCH/sub37 bass_bin 1/sub37 bass 016.aiff
1
0
120
1
0
0
sub37 bass 016.aiff
70.09773046875
0.0048229859607054
100
*** END URL Bank Doc ***
*** END INSTRUMENT DOC ***
