SC Code Doc v1.4
Template Version v1.1
LNX_Code
SC Code
17
0
0
1
0.85746739336633
0
0
1
0
0
127
-1
-inf
0
8
0
1
-inf
9
1
0
1
0
*** MIDI Control Doc v1.1
0
*** End MIDI Control Doc ***
1005
10
47
47
32
65
32
115
105
109
112
108
101
32
83
121
110
116
104
68
101
102
32
116
101
109
112
108
97
116
101
10
10
83
121
110
116
104
68
101
102
40
34
76
78
88
95
83
97
119
49
34
44
32
123
124
111
117
116
44
32
97
109
112
44
32
118
101
108
44
32
102
114
101
113
44
32
109
105
100
105
44
32
112
97
110
44
32
103
97
116
101
61
49
44
32
115
101
110
100
79
117
116
44
32
115
101
110
100
65
109
112
44
32
105
110
44
32
105
110
65
109
112
44
10
9
9
9
9
9
98
112
109
44
32
99
108
111
99
107
44
32
105
95
99
108
111
99
107
44
32
112
111
108
108
44
32
102
105
108
116
70
114
101
113
61
49
56
48
48
44
32
113
61
48
46
53
44
32
100
117
114
61
49
32
10
9
9
9
9
9
44
104
97
114
109
44
32
116
95
116
114
105
103
44
32
109
101
116
97
108
61
48
46
53
44
32
98
97
115
101
61
48
46
53
32
124
10
9
9
9
118
97
114
32
115
105
103
110
97
108
59
10
9
10
9
9
9
118
97
114
32
101
110
118
44
32
104
97
114
112
44
32
109
111
117
116
104
44
32
116
114
105
103
103
101
114
59
10
9
9
9
10
9
9
9
101
110
118
32
61
32
76
105
110
101
110
46
107
114
40
103
97
116
101
44
32
32
100
111
110
101
65
99
116
105
111
110
58
50
41
59
10
9
9
9
116
114
105
103
103
101
114
32
61
32
73
109
112
117
108
115
101
46
97
114
40
103
97
116
101
41
59
10
9
9
9
97
109
112
32
61
32
97
109
112
32
42
32
68
101
99
97
121
50
46
97
114
40
116
114
105
103
103
101
114
44
32
10
9
9
9
9
9
9
76
70
78
111
105
115
101
49
46
107
114
40
53
41
46
114
97
110
103
101
40
48
46
48
48
48
49
44
32
48
46
48
49
41
44
32
10
9
9
9
9
9
9
76
70
78
111
105
115
101
49
46
107
114
40
53
41
46
114
97
110
103
101
40
48
46
52
44
32
48
46
56
41
42
100
117
114
42
49
48
44
32
10
9
9
9
9
9
9
48
46
49
10
9
9
9
9
9
41
59
10
9
9
9
104
97
114
112
32
61
32
83
97
119
46
97
114
40
76
97
103
46
107
114
40
102
114
101
113
44
32
48
46
49
53
41
41
59
10
9
9
9
10
9
9
9
104
97
114
112
32
61
32
104
97
114
112
32
43
32
80
105
110
107
78
111
105
115
101
46
97
114
40
104
97
114
112
46
109
97
120
40
48
41
32
42
32
48
46
50
41
32
42
32
97
109
112
32
42
32
49
48
59
10
9
9
9
10
9
9
9
109
111
117
116
104
32
61
32
82
76
80
70
46
97
114
40
10
9
9
9
9
9
9
9
104
97
114
112
44
10
9
9
9
9
9
9
9
76
97
103
46
107
114
40
104
97
114
109
44
32
76
70
78
111
105
115
101
49
46
107
114
40
50
41
46
114
97
110
103
101
40
48
46
50
44
32
48
46
51
41
41
32
42
32
102
114
101
113
44
10
9
9
9
9
9
9
9
76
70
78
111
105
115
101
49
46
107
114
40
48
46
51
41
46
114
97
110
103
101
40
48
46
48
49
44
32
48
46
48
53
41
44
10
9
9
9
9
9
9
9
49
44
10
9
9
9
9
9
9
9
76
80
70
46
97
114
40
104
97
114
112
44
32
50
48
48
48
41
32
42
32
48
46
52
10
9
9
9
41
59
10
9
9
9
10
9
9
9
115
105
103
110
97
108
32
61
32
76
80
70
46
97
114
40
109
111
117
116
104
44
32
52
48
48
48
41
32
43
32
32
40
72
80
70
46
97
114
40
104
97
114
112
44
32
50
48
48
48
41
32
42
32
109
101
116
97
108
41
32
43
32
76
80
70
46
97
114
40
104
97
114
112
44
32
52
48
48
44
32
49
52
32
42
32
98
97
115
101
41
59
10
9
10
9
9
76
78
88
95
79
117
116
40
115
105
103
110
97
108
44
32
111
117
116
44
32
97
109
112
44
32
112
97
110
44
32
115
101
110
100
79
117
116
44
32
115
101
110
100
65
109
112
41
59
10
9
10
9
10
9
10
125
44
32
109
101
116
97
100
97
116
97
58
32
40
32
115
112
101
99
115
58
32
40
32
102
105
108
116
70
114
101
113
58
32
92
102
114
101
113
44
32
113
58
32
92
117
110
105
112
111
108
97
114
32
41
41
41
10
10
4
7
volume
MVC_SmoothSlider
*** MVC_View Document v1 ***
12
0
567
20
30
100
backgroundDisabled
0.25
0.25
0.25
1
numberDown
1
1
1
1
midiLearn
0
1
1
1
background
0
0
0
0.37662337662338
hilite
0
0
0
0.3
knob
1
0.5
0
1
border
0
0
0
1
numberUp
0
0
0
1
knobDisabled
0.6
0.6
0.6
1
label
1
1
1
1
disabled
0.3
0.3
0.3
1
focus
1
0
0
1
*** END MVC_View Document ***
inAmp
MVC_MyKnob3
*** MVC_View Document v1 ***
10
0
568
268
26
26
pin
0
0
0
1
background
0
0
0
0.5
numberUp
0
0
0
1
off
0
0
0
1
on
1
0.5
0
1
midiLearn
0
1
1
1
numberDown
1
1
1
1
label
1
1
1
1
disabled
0.3
0.3
0.3
1
focus
0
0
0
0
*** END MVC_View Document ***
pan
MVC_MyKnob3
*** MVC_View Document v1 ***
10
0
568
152
26
26
pin
0
0
0
1
background
0
0
0
0.5
numberUp
0
0
0
1
off
0
0
0
1
on
1
0.5
0
1
midiLearn
0
1
1
1
numberDown
1
1
1
1
label
1
1
1
1
disabled
0.3
0.3
0.3
1
focus
0
0
0
0
*** END MVC_View Document ***
sendAmp
MVC_MyKnob3
*** MVC_View Document v1 ***
10
0
568
210
26
26
pin
0
0
0
1
background
0
0
0
0.5
numberUp
0
0
0
1
off
0
0
0
1
on
1
0.5
0
1
midiLearn
0
1
1
1
numberDown
1
1
1
1
label
1
1
1
1
disabled
0.3
0.3
0.3
1
focus
0
0
0
0
*** END MVC_View Document ***
1
MVC_MyKnob
1
*** MVC_View Document v1 ***
9
0
340
40
50
50
pin
0
0
0
1
numberUp
0
0
0
1
off
0
0
0
1
on
1
0.5
0
1
midiLearn
0
1
1
1
numberDown
1
0.5
0
1
label
1
1
1
1
disabled
0.3
0.3
0.3
1
focus
0
0
0
0
*** END MVC_View Document ***
20
MVC_MyKnob
1
*** MVC_View Document v1 ***
9
0
40
130
50
50
pin
0
0
0
1
numberUp
0
0
0
1
off
0
0
0
1
on
1
0.5
0
1
midiLearn
0
1
1
1
numberDown
1
0.5
0
1
label
1
1
1
1
disabled
0.3
0.3
0.3
1
focus
0
0
0
0
*** END MVC_View Document ***
16
MVC_MyKnob
4468.2327391422
*** MVC_View Document v1 ***
9
0
40
40
50
50
pin
0
0
0
1
numberUp
0
0
0
1
off
0
0
0
1
on
1
0.5
0
1
midiLearn
0
1
1
1
numberDown
1
0.5
0
1
label
1
1
1
1
disabled
0.3
0.3
0.3
1
focus
0
0
0
0
*** END MVC_View Document ***
17
MVC_MyKnob
0.5
*** MVC_View Document v1 ***
9
0
140
40
50
50
pin
0
0
0
1
numberUp
0
0
0
1
off
0
0
0
1
on
1
0.5
0
1
midiLearn
0
1
1
1
numberDown
1
0.5
0
1
label
1
1
1
1
disabled
0.3
0.3
0.3
1
focus
0
0
0
0
*** END MVC_View Document ***
19
MVC_MyKnob
0.924375
*** MVC_View Document v1 ***
9
0
440
40
50
50
pin
0
0
0
1
numberUp
0
0
0
1
off
0
0
0
1
on
1
0.5
0
1
midiLearn
0
1
1
1
numberDown
1
0.5
0
1
label
1
1
1
1
disabled
0.3
0.3
0.3
1
focus
0
0
0
0
*** END MVC_View Document ***
18
MVC_MyKnob
0.78
*** MVC_View Document v1 ***
9
0
240
40
50
50
pin
0
0
0
1
numberUp
0
0
0
1
off
0
0
0
1
on
1
0.5
0
1
midiLearn
0
1
1
1
numberDown
1
0.5
0
1
label
1
1
1
1
disabled
0.3
0.3
0.3
1
focus
0
0
0
0
*** END MVC_View Document ***
21
MVC_MyKnob
1
*** MVC_View Document v1 ***
9
0
140
130
50
50
pin
0
0
0
1
numberUp
0
0
0
1
off
0
0
0
1
on
1
0.5
0
1
midiLearn
0
1
1
1
numberDown
1
0.5
0
1
label
1
1
1
1
disabled
0.3
0.3
0.3
1
focus
0
0
0
0
*** END MVC_View Document ***
LNX PRSeq DOC v1.2
0
LNX Score DOC v1.4
0
0
32
22
15
0
0
1
16
1
*** END Score DOC ***
*** END PRSeq DOC ***
*** END INSTRUMENT DOC ***
