SC GSRhythm Doc v1.4
Template Version v1.1
LNX_GSRhythm
cybertron
260
5
0
1
6
0
0
1
0
0
127
0
1
0
0
0
0
0
0
0
0
0
1
1
1
1
1
1
1
1
3.0408494696702
2.9799695076297
-9.3505212580438
-0.37207905291846
6
-9.0457757621365
2.506291007351
3.7239936392859
0
0
0
0
0
0
0
0
0
0.27671875
-0.2366796875
0.26671875
-0.3087109375
0
-0.310546875
0.227890625
1
1
1
1.0251164094462
1
1
1
0.11389266473871
-0.8321875
0.8
0.8
0.884375
0.8
0.8
0.2
-0.47
-7.231875
0
0
0
-5.2734375
-12.931875
-3.64875
0
-1
-1
-1
-1
-1
-1
-1
-1
-inf
-inf
-inf
-25.085396563837
-5.3648581682188
-17.220416221608
-inf
-inf
1
1
0
0
0
0
4
4
4
3
3
3
3
3
3
3
0
2
4
5
6
7
16
17
0
0
0
0
0
0
0
0
54.830003917624
5059.142015221
5263.8491291094
20000
20000
20000
3639.5653934032
2448.8358986426
0.88021484375
0
0
0
0
0
0.627763671875
0.65216796875
0.5
0.5
0.5
0.5
0.5
0.5
0.5
0.5
1
0
0
1
0
0
0
0
0.911640625
0.5
0.5
1
0.8749609375
0.5
0.5
0.5
45.939460016865
60
60
52.02519365698
33.175808415201
60
60
60
0
0
0
0
0
0
0
0
0
0
0
0
0.31533203125
0
0
0
1
0
0
0
0
0
0
0
0
0
0
0
0
5.1046875
-0.2484375
0
0
0
0
0
0
0
0
0
-inf
-inf
-inf
-inf
-inf
-inf
-inf
-inf
0.5
0.5
0.5
0.5
0.5
0.5
0.5
0.5
0
0.5
60
0
0
20000
0
0.5
1
1
1
0
1
0
1
1
0
0
0
0
0
0
-0.0539453125
0
0
0
0
0
0
0
0
0
1
1
6
0
0
1
0
0
127
0
1
0
0
0
0
0
0
0
0
0
1
1
1
1
1
1
1
1
3.0408494696702
2.9799695076297
-9.3505212580438
-0.37207905291846
6
-9.0457757621365
2.506291007351
3.7239936392859
0
0
0
0
0
0
0
0
0
0.27671875
-0.2366796875
0.26671875
-0.3087109375
0
-0.310546875
0.227890625
1
1
1
1.0251164094462
1
1
1
0.11389266473871
-0.8321875
0.8
0.8
0.884375
0.8
0.8
0.2
-0.47
-7.231875
0
0
0
-5.2734375
-12.931875
-3.64875
0
-1
-1
-1
-1
-1
-1
-1
-1
-inf
-inf
-inf
-25.085396563837
-5.3648581682188
-17.220416221608
-inf
-inf
1
1
0
0
0
0
4
4
4
3
3
3
3
3
3
3
0
2
4
5
6
7
16
17
0
0
0
0
0
0
0
0
54.830003917624
5059.142015221
5263.8491291094
20000
20000
20000
3639.5653934032
2448.8358986426
0.88021484375
0
0
0
0
0
0.627763671875
0.65216796875
0.5
0.5
0.5
0.5
0.5
0.5
0.5
0.5
1
0
0
1
0
0
0
0
0.911640625
0.5
0.5
1
0.8749609375
0.5
0.5
0.5
45.939460016865
60
60
52.02519365698
33.175808415201
60
60
60
0
0
0
0
0
0
0
0
0
0
0
0
0.31533203125
0
0
0
1
0
0
0
0
0
0
0
0
0
0
0
0
5.1046875
-0.2484375
0
0
0
0
0
0
0
0
0
-inf
-inf
-inf
-inf
-inf
-inf
-inf
-inf
0.5
0.5
0.5
0.5
0.5
0.5
0.5
0.5
0
0.5
60
0
0
20000
0
0.5
1
1
1
0
1
0
1
1
0
0
0
0
0
0
-0.0539453125
0
0
0
0
0
0
0
0
0
1
1
6
0
0
1
0
0
127
0
1
0
0
0
0
0
0
0
0
0
1
1
1
1
1
1
1
1
3.0408494696702
2.9799695076297
-9.3505212580438
-0.37207905291846
6
-9.0457757621365
2.506291007351
3.7239936392859
0
0
0
0
0
0
0
0
0
0.27671875
-0.2366796875
0.26671875
-0.3087109375
0
-0.310546875
0.227890625
1
1
1
1.0251164094462
1
1
1
0.11389266473871
-0.8321875
0.8
0.8
0.884375
0.8
0.8
0.2
-0.47
-7.231875
0
0
0
-5.2734375
-12.931875
-3.64875
0
-1
-1
-1
-1
-1
-1
-1
-1
-inf
-inf
-inf
-25.085396563837
-5.3648581682188
-17.220416221608
-inf
-inf
1
1
0
0
0
0
4
4
4
3
3
3
3
3
3
3
0
2
4
5
6
7
16
17
0
0
0
0
0
0
0
0
54.830003917624
5059.142015221
5263.8491291094
20000
20000
20000
3639.5653934032
2448.8358986426
0.88021484375
0
0
0
0
0
0.627763671875
0.65216796875
0.5
0.5
0.5
0.5
0.5
0.5
0.5
0.5
1
0
0
1
0
0
0
0
0.911640625
0.5
0.5
1
0.8749609375
0.5
0.5
0.5
45.939460016865
60
60
52.02519365698
33.175808415201
60
60
60
0
0
0
0
0
0
0
0
0
0
0
0
0.31533203125
0
0
0
1
0
0
0
0
0
0
0
0
0
0
0
0
5.1046875
-0.2484375
0
0
0
0
0
0
0
0
0
-inf
-inf
-inf
-inf
-inf
-inf
-inf
-inf
0.5
0.5
0.5
0.5
0.5
0.5
0.5
0.5
0
0.5
60
0
0
20000
0
0.5
1
1
1
0
1
0
1
1
0
0
0
0
0
0
-0.0539453125
0
0
0
0
0
0
0
0
0
1
1
6
0
0
1
0
0
127
0
1
0
0
0
0
0
0
0
0
0
1
1
1
1
1
1
1
1
3.0408494696702
2.9799695076297
-9.3505212580438
-0.37207905291846
6
-9.0457757621365
2.506291007351
3.7239936392859
0
0
0
0
0
0
0
0
0
0.27671875
-0.2366796875
0.26671875
-0.3087109375
0
-0.310546875
0.227890625
1
1
1
1.0251164094462
1
1
1
0.11389266473871
-0.8321875
0.8
0.8
0.884375
0.8
0.8
0.2
-0.47
-7.231875
0
0
0
-5.2734375
-12.931875
-3.64875
0
-1
-1
-1
-1
-1
-1
-1
-1
-inf
-inf
-inf
-25.085396563837
-5.3648581682188
-17.220416221608
-inf
-inf
1
1
0
0
0
0
4
4
4
3
3
3
3
3
3
3
0
2
4
5
6
7
16
17
0
0
0
0
0
0
0
0
54.830003917624
5059.142015221
5263.8491291094
20000
20000
20000
3639.5653934032
2448.8358986426
0.88021484375
0
0
0
0
0
0.627763671875
0.65216796875
0.5
0.5
0.5
0.5
0.5
0.5
0.5
0.5
1
0
0
1
0
0
0
0
0.911640625
0.5
0.5
1
0.8749609375
0.5
0.5
0.5
45.939460016865
60
60
52.02519365698
33.175808415201
60
60
60
0
0
0
0
0
0
0
0
0
0
0
0
0.31533203125
0
0
0
1
0
0
0
0
0
0
0
0
0
0
0
0
5.1046875
-0.2484375
0
0
0
0
0
0
0
0
0
-inf
-inf
-inf
-inf
-inf
-inf
-inf
-inf
0.5
0.5
0.5
0.5
0.5
0.5
0.5
0.5
0
0.5
60
0
0
20000
0
0.5
1
1
1
0
1
0
1
1
0
0
0
0
0
0
-0.0539453125
0
0
0
0
0
0
0
0
0
1
1
6
0
0
1
0
0
127
0
1
0
0
0
0
0
0
0
0
0
1
1
1
1
1
1
1
1
3.0408494696702
2.9799695076297
-9.3505212580438
-0.37207905291846
6
-9.0457757621365
2.506291007351
3.7239936392859
0
0
0
0
0
0
0
0
0
0.27671875
-0.2366796875
0.26671875
-0.3087109375
0
-0.310546875
0.227890625
1
1
1
1.0251164094462
1
1
1
0.11389266473871
-0.8321875
0.8
0.8
0.884375
0.8
0.8
0.2
-0.47
-7.231875
0
0
0
-5.2734375
-12.931875
-3.64875
0
-1
-1
-1
-1
-1
-1
-1
-1
-inf
-inf
-inf
-25.085396563837
-5.3648581682188
-17.220416221608
-inf
-inf
1
1
0
0
0
0
4
4
4
3
3
3
3
3
3
3
0
2
4
5
6
7
16
17
0
0
0
0
0
0
0
0
54.830003917624
5059.142015221
5263.8491291094
20000
20000
20000
3639.5653934032
2448.8358986426
0.88021484375
0
0
0
0
0
0.627763671875
0.65216796875
0.5
0.5
0.5
0.5
0.5
0.5
0.5
0.5
1
0
0
1
0
0
0
0
0.911640625
0.5
0.5
1
0.8749609375
0.5
0.5
0.5
45.939460016865
60
60
52.02519365698
33.175808415201
60
60
60
0
0
0
0
0
0
0
0
0
0
0
0
0.31533203125
0
0
0
1
0
0
0
0
0
0
0
0
0
0
0
0
5.1046875
-0.2484375
0
0
0
0
0
0
0
0
0
-inf
-inf
-inf
-inf
-inf
-inf
-inf
-inf
0.5
0.5
0.5
0.5
0.5
0.5
0.5
0.5
0
0.5
60
0
0
20000
0
0.5
1
1
1
0
1
0
1
1
0
0
0
0
0
0
-0.0539453125
0
0
0
0
0
0
0
0
0
1
1
6
0
0
1
0
0
127
0
1
0
0
0
0
0
0
0
0
0
1
1
1
1
1
1
1
1
3.0408494696702
2.9799695076297
-9.3505212580438
-0.37207905291846
6
-9.0457757621365
2.506291007351
3.7239936392859
0
0
0
0
0
0
0
0
0
0.27671875
-0.2366796875
0.26671875
-0.3087109375
0
-0.310546875
0.227890625
1
1
1
1.0251164094462
1
1
1
0.11389266473871
-0.8321875
0.8
0.8
0.884375
0.8
0.8
0.2
-0.47
-7.231875
0
0
0
-5.2734375
-12.931875
-3.64875
0
-1
-1
-1
-1
-1
-1
-1
-1
-30.018534462806
-inf
-inf
-21.234827690321
-5.3648581682188
-17.220416221608
-inf
-inf
1
1
0
0
0
0
4
4
3
3
3
3
3
3
3
3
0
1
4
5
6
15
16
17
0
0
0
0
0
0
0
0
54.830003917624
5059.142015221
5263.8491291094
20000
20000
20000
3639.5653934032
2448.8358986426
0.88021484375
0
0
0
0
0
0.627763671875
0.65216796875
0.5
0.5
0.5
0.5
0.5
0.5
0.5
0.5
1
0
0
1
0
0
0
0
0.911640625
0.5
0.5
1
0.8749609375
0.5
0.5
0.5
45.939460016865
60
60
52.02519365698
33.175808415201
60
60
60
0
0
0
0
0
0
0
0
0
0
0
0
0.31533203125
0
0
0
1
0
0
0
0
0
0
0
0
0
0
0
0
5.1046875
-0.2484375
0
0
0
0
0
0
0
0
0
-inf
-inf
-inf
-inf
-inf
-inf
-inf
-inf
0.5
0.5
0.5
0.5
0.5
0.5
0.5
0.5
0
0.5
60
0
0
20000
0
0.5
1
1
1
0
1
0
1
1
0
0
0
0
0
0
-0.0539453125
0
0
0
0
0
0
0
0
0
Preset 0
Preset 1
Preset 2
Preset 3
Preset 4
0
0
1
0
*** MIDI Control Doc v1.1
0
*** End MIDI Control Doc ***
8
LNX StepSequencer Doc v1.1
9
32
5
1
0.5
36
32
4
0
2
1
1
1
0
0
0
0
0
1
0
0
0
1
0
0
0
0
0
1
0
0
0
0
0
1
0
0
0
1
0
0
0
0
0
1
0.5
36
32
4
0
2
1
1
1
0
0
0
0
0
1
0
0
0
1
0
0
0
0
0
1
0
0
0
0
0
1
0
0
0
1
0
0
0
0
0
1
0.5
36
32
4
0
2
1
1
1
0
0
0
0
0
0
0
1
0
1
0
0
0
0
0
1
0
0
0
0
0
1
0
0
0
1
0
0
0
0
0
1
0.5
36
32
4
0
2
1
1
1
0
0
0
0
0
1
0
0
0
1
0
0
0
0
0
0
0
0
0
0
0
1
0
1
0
1
0
0
0
0
0
1
0.5
36
32
4
0
2
1
1
1
0
0
0
0
0
1
0
0
0
1
0
0
0
0
0
0
0
1
0
0
0
0
0
0
0
1
0
1
0
0
0
1
0.5
36
32
4
0
2
1
1
0
0
1
0
0
0
0
0
0
0
1
0
0
0
0
0
1
0
0
0
0
0
1
0
0
0
1
0
0
0
0
0
*** END OBJECT DOC ***
LNX StepSequencer Doc v1.1
9
32
5
1
0.5
36
32
4
0
2
1
1
0
0
0
0
1
0
0
0
0
0
0
0
1
0
1
0
0
0
0
0
1
0
0
0
0
0
0
0
1
0
1
0
1
0.5
36
32
4
0
2
1
1
0
0
0
0
1
0
0
0
0
0
0
0
1
0
1
0
0
0
0
0
1
0
0
0
0
0
0
0
1
0
1
0
1
0.5
36
32
4
0
2
1
1
0
0
0
0
1
0
0
0
0
0
0
0
0
0
1
0
1
0
1
0
0
0
0
0
0
0
0
0
1
0
1
0
1
0.5
36
32
4
0
2
1
1
0
0
0
0
1
0
0
0
0
0
0
1
0
0
1
0
0
0
0
0
1
0
0
0
0
0
0
0
1
0
0.56753091635494
1
1
0.5
36
32
4
0
2
1
1
0
0
0
0
1
0
0
0
0
0
0
1
0
0
0.94322453200523
0
0
0
0
0
0
0
1
0
0
0
1
0
0
0
0
0
1
0.5
36
32
4
0
2
1
1
1
0
0
0
0
0
0
0
0
0
0
0
1
0.87719458163685
0
1
0
0
0
0
1
0
0
0
1
0
0
0
0
0
1
0
*** END OBJECT DOC ***
LNX StepSequencer Doc v1.1
9
32
5
1
0.5
36
32
4
0
2
1
1
0
0
0
0
1
0
0
0
0
0
0
0
1
0
0
0
0
0
0
0
1
0
0
0
0
0
0
0
1
0
0
0
1
0.5
36
32
4
0
2
1
1
0
0
0
0
1
0
0
0
0
0
0
0
1
0
0
0
0
0
0
0
1
0
0
0
0
0
0
0
1
0
0
0
1
0.5
36
32
4
0
2
1
1
0
0
0
0
1
0
0
0
0
0
0
0
1
0
0
0
0.91221869587523
0
0
0
1
0
0
0
0
0
0
0
1
0
0
0
1
0.5
36
32
4
0
2
1
1
0
0.90167621179724
0
0
1
0
0
0
0
0
0
0
1
0
0
0
0
0
0
0
1
0
0
0
0
0
0
0
1
0
0
0
1
0.5
36
32
4
0
2
1
1
0
0.90167621179724
0
0
1
0
0
0
0
0
0
0
0
0
0
0.90371362320118
1
0.69382918653395
0
0
1
0
0
0
0
0
0
0
1
0
0
0
1
0.5
36
32
4
0
2
1
1
0
0
0.98714958202626
0
1
0
0
0
0
0.38598532438298
0
0
0
0
0
0
0
0
1
0
1
0
0.94136047251981
0
0
0
0
0
1
0
0
0
*** END OBJECT DOC ***
LNX StepSequencer Doc v1.1
9
32
5
1
0.5
36
32
4
0
2
1
1
0
0
0
0
0
0
0
0
1
0.72679227941176
0.45289522058824
0
0
0
0
0
0
0
0
0
0
0
0
0
1
0.71380974264706
0.39349724264706
0
0
0
0
0
1
0.5
36
32
4
0
2
1
1
0
0
0
0
0
0
0
0
1
0.72679227941176
0.45289522058824
0
0
0
0
0
0
0
0
0
0
0
0
0
1
0.71380974264706
0.39349724264706
0
0
0
0
0
1
0.5
36
32
4
0
2
1
1
0
0
0
0
0
0
0
0
0
0
0
0
0
0
0.72679227941176
0
0
0
0
0
0
0
0
0
0
0.71380974264706
0
0
0
0
0.5000877303405
0
1
0.5
36
32
4
0
2
1
1
0
0
0
0
0
0
0
0
0
0.72679227941176
0
0
0
0
1
0
0
0
0.45289522058824
0
0
0
0
0
0
0.71380974264706
0.39349724264706
0
0
0
0
0
1
0.5
36
32
4
0
2
1
1
0
0
0
0
0
0
0
0
0
0.72679227941176
0
0.94748243230069
0
0.7676306941932
1
0
0
0
0.45289522058824
0
0
0
0
0
0
0.71380974264706
0.39349724264706
0
0
0
0
0
1
0.5
36
32
4
0
2
1
1
0
0
0
0
0
0
0.72679227941176
0
0
0
0
0
0
0
0
0
0
0
0
0
1
0
0
0
1
0.71380974264706
0
0.39349724264706
0
0
0
0
*** END OBJECT DOC ***
LNX StepSequencer Doc v1.1
9
32
5
1
0.5
36
32
4
0
2
1
1
0
0
0
0
0
0
0
0
0
0
0
0
0
0
0
0
1
0
0
0
0
0
0
0
0
0
0
0
0
0
0
0
1
0.5
36
32
4
0
2
1
1
0
0
0
0
0
0
0
0
0
0
0
0
0
0
0
0
1
0
0
0
0
0
0
0
0
0
0
0
0
0
0
0
1
0.5
36
32
4
0
2
1
1
0
0
0
0
0
0
0
0
0
0
0
0
0
0
0
0
1
0
0
0.94016649597884
0
0
0
0
0
0
0
0
0
0
0
0
1
0.5
36
32
4
0
2
1
1
0
0
0
0
0
0
0
0.54764393834793
0
0
0
0
0
0
0
0
1
0
0
0
0
0
0
0
0
0
0
0
0
0
0
0
1
0.5
36
32
4
0
2
1
1
0
0
0
0
0
0
0.59403643475159
0.54764393834793
0
0
0
0
0
0
0
0
0
0
0
0
0
0
0
0
0
0
0
0
0.28972446835376
0
0
0
1
0.5
36
32
4
0
2
1
1
0
0
0
0
0
0
0
0
0
0
0
0
0
0
0
0
0
0
0
0
0
0
0
0
0
0
0
0
0
0
0
0
*** END OBJECT DOC ***
LNX StepSequencer Doc v1.1
9
32
5
1
0.5
36
32
4
0
2
1
1
0.83416666666667
0.86203125
0.84807291666667
0.84807291666667
0.81098958333333
0
1
0
0
0
0
0
0
0
0
0
0
0
0
0
0
0
0
0
0
0
0
0
0
0
0
0
1
0.5
36
32
4
0
2
1
1
0.83416666666667
0.86203125
0.84807291666667
0.84807291666667
0.81098958333333
0
1
0
0
0
0
0
0
0
0
0
0
0
0
0
0
0
0
0
0
0
0
0
0
0
0
0
1
0.5
36
32
4
0
2
1
1
0
0.86203125
0
0.84807291666667
0.81098958333333
0
1
0
0.84807291666667
0
0
0
0
0
0
0
0
0.94400192081531
0
0
0
0
0
0
0
0
0
0
0
0
0
0
1
0.5
36
32
4
0
2
1
1
0.81098958333333
0
0.84807291666667
0
0
0
0.86203125
0
0
0
0
0
0.84807291666667
0
0
0
0.45980864836436
0
0
0
0
0
0
0
0
0
0
0
0
0
0
0
1
0.5
36
32
4
0
2
1
1
0
0
0.84807291666667
0
0.81098958333333
0
0.86203125
0.5539503975776
0
0
0
0
0.84807291666667
0
0
0
0.45980864836436
0
0
0
0
0
0
0
0
0
0.90846619436365
0
0
0
0
0
1
0.5
36
32
4
0
2
1
1
0.83416666666667
0.86203125
0.84807291666667
0
0.81098958333333
0
1
0
0
0
0
0
0
0
0
0
0
0
0
0
0
0
0
0
0
0
0
0
0
0
0
0
*** END OBJECT DOC ***
LNX StepSequencer Doc v1.1
9
32
5
1
0.5
36
8
4
0
2
1
1
0.86626838235294
0
1
0
0
0
0
0
0
0
0
0
1
0
0
0
0
0
0
0
1
0
0
0
0
0
0
0
1
0
0
0
1
0.5
36
8
4
0
2
1
1
0.86626838235294
0
1
0
0
0
0
0
0
0
0
0
1
0
0
0
0
0
0
0
1
0
0
0
0
0
0
0
1
0
0
0
1
0.5
36
8
4
0
2
1
1
0.86626838235294
0
1
0
0
0
0
0
0
0
0
0
1
0
0
0
0
0.23542651490624
0
0
1
0
0
0
0
0
0
0
1
0
0
0
1
0.5
36
8
4
0
2
1
1
0.86626838235294
0
1
0
0
0
0
0
0
0
0
0
0.76218036455894
0
0
0
0
0
0
0
1
0
0
0
0
0
0
0
1
0
0
0
1
0.5
36
8
4
0
2
1
1
0.86626838235294
0
1
0
0
0
0
0
0
0
0
0
0.76218036455894
0
0
0
0
0
0
0
1
0
0
0
0
0
0
0
1
0
0
0
1
0.5
36
8
4
0
2
1
1
0.86626838235294
0
0
0
0
0
0
0
0
0
0
0
0
1
0
0
0
0
0
0
1
0
0
0
0
0
0
0
1
0
0
0
*** END OBJECT DOC ***
LNX StepSequencer Doc v1.1
9
32
5
1
0.5
36
32
4
0
2
1
1
1
0
0
0
0
0
0
0
1
0.98609375
0.94895833333333
0.96229166666667
0.96229166666667
0
0
0
1
1
1
0.968125
0.88578125
0
0
0
1
1
0.97682291666667
0.97682291666667
0.97682291666667
0
0
0
1
0.5
36
32
4
0
2
1
1
1
0
0
0
0
0
0
0
1
0.98609375
0.94895833333333
0.96229166666667
0.96229166666667
0
0
0
1
1
1
0.968125
0.88578125
0
0
0
1
1
0.97682291666667
0.97682291666667
0.97682291666667
0
0
0
1
0.5
36
32
4
0
2
1
1
1
0
0
0
0
0
0
0
1
0.98609375
0.94895833333333
0
0.96229166666667
0
0
0
0
0
0
0.968125
0
0
0
0
1
1
0.97682291666667
0.97682291666667
1
0
0
0
1
0.5
36
32
4
0
2
1
1
1
0
0
0
0
0
0
0
1
0.98609375
0
0.96229166666667
1
0
0
0
0.97682291666667
0
0.97682291666667
1
0.94895833333333
0
0
0
1
0
0
0
0.97682291666667
0
0
0
1
0.5
36
32
4
0
2
1
1
1
0
0
0
0
0
0
0
1
0
0
0.96229166666667
0
0.95917765423546
0.98609375
0
0.97682291666667
0
0
1
0.94895833333333
0
1
0
1
0
0
0
0.97682291666667
0
0
0
1
0.5
36
32
4
0
2
1
1
1
0
0.968125
0
0
0
0
0
1
0.98609375
0.94895833333333
0.96229166666667
0.96229166666667
0
0
0
0
1
0
1
0.88578125
0
0
0
1
1
0.97682291666667
0
0.97682291666667
0.97682291666667
0
0
*** END OBJECT DOC ***
LNX StepSequencer Doc v1.1
9
32
5
1
0.5
36
32
4
0
2
1
1
0
0
0
0
0
0
0
0
0
0
0
0
0
0
0
0
0
0
0
0
0
0
0
0
0
0
0
0
0
0
0
0
1
0.5
36
32
4
0
2
1
1
0
0
0
0
0
0
0
0
0
0
0
0
0
0
0
0
0
0
0
0
0
0
0
0
0
0
0
0
0
0
0
0
1
0.5
36
32
4
0
2
1
1
0
0
0
0
0
0
0
0
0
0
0
0
0
0
0
0
0
0
0
0
0
0
0
0
0
0
0
0
0
0
0
0
1
0.5
36
32
4
0
2
1
1
0
0
0
0
0
0
0
0
0
0
0
0
0
0
0
0
0
0
0
0
0
0
0
0
0
0
0
0
0
0
0
0
1
0.5
36
32
4
0
2
1
1
0
0
0
0
0
0
0
0
0
0
0
0
0
0
0
0
0
0
0
0
0
0
0
0
0
0
0
0
0
0
0
0
1
0.5
36
32
4
0
2
1
1
0
0
0
0
0
0
0
0
0
0
0
0
0
0
0
0
0
0
0
0
0
0
0
0
0
0
0
0
0
0
0
0
*** END OBJECT DOC ***
LNX StepSequencer Doc v1.1
9
32
5
1
0.5
36
32
4
0
2
1
1
0
0
0
0
0
0
0
0
0
0
0
0
0
0
0
0
0
0
0
0
0
0
0
0
0
0
0
0
0
0
0
0
1
0.5
36
32
4
0
2
1
1
0
0
0
0
0
0
0
0
0
0
0
0
0
0
0
0
0
0
0
0
0
0
0
0
0
0
0
0
0
0
0
0
1
0.5
36
32
4
0
2
1
1
0
0
0
0
0
0
0
0
0
0
0
0
0
0
0
0
0
0
0
0
0
0
0
0
0
0
0
0
0
0
0
0
1
0.5
36
32
4
0
2
1
1
0
0
0
0
0
0
0
0
0
0
0
0
0
0
0
0
0
0
0
0
0
0
0
0
0
0
0
0
0
0
0
0
1
0.5
36
32
4
0
2
1
1
0
0
0
0
0
0
0
0
0
0
0
0
0
0
0
0
0
0
0
0
0
0
0
0
0
0
0
0
0
0
0
0
1
0.5
36
32
4
0
2
1
1
0
0
0
0
0
0
0
0
0
0
0
0
0
0
0
0
0
0
0
0
0
0
0
0
0
0
0
0
0
0
0
0
*** END OBJECT DOC ***
LNX StepSequencer Doc v1.1
9
32
5
1
0.5
36
32
4
0
2
1
1
0
0
0
0
0
0
0
0
0
0
0
0
0
0
0
0
0
0
0
0
0
0
0
0
0
0
0
0
0
0
0
0
1
0.5
36
32
4
0
2
1
1
0
0
0
0
0
0
0
0
0
0
0
0
0
0
0
0
0
0
0
0
0
0
0
0
0
0
0
0
0
0
0
0
1
0.5
36
32
4
0
2
1
1
0
0
0
0
0
0
0
0
0
0
0
0
0
0
0
0
0
0
0
0
0
0
0
0
0
0
0
0
0
0
0
0
1
0.5
36
32
4
0
2
1
1
0
0
0
0
0
0
0
0
0
0
0
0
0
0
0
0
0
0
0
0
0
0
0
0
0
0
0
0
0
0
0
0
1
0.5
36
32
4
0
2
1
1
0
0
0
0
0
0
0
0
0
0
0
0
0
0
0
0
0
0
0
0
0
0
0
0
0
0
0
0
0
0
0
0
1
0.5
36
32
4
0
2
1
1
0
0
0
0
0
0
0
0
0
0
0
0
0
0
0
0
0
0
0
0
0
0
0
0
0
0
0
0
0
0
0
0
*** END OBJECT DOC ***
LNX StepSequencer Doc v1.1
9
32
5
1
0.5
36
32
4
0
2
1
1
0
0
0
0
0
0
0
0
0
0
0
0
0
0
0
0
0
0
0
0
0
0
0
0
0
0
0
0
0
0
0
0
1
0.5
36
32
4
0
2
1
1
0
0
0
0
0
0
0
0
0
0
0
0
0
0
0
0
0
0
0
0
0
0
0
0
0
0
0
0
0
0
0
0
1
0.5
36
32
4
0
2
1
1
0
0
0
0
0
0
0
0
0
0
0
0
0
0
0
0
0
0
0
0
0
0
0
0
0
0
0
0
0
0
0
0
1
0.5
36
32
4
0
2
1
1
0
0
0
0
0
0
0
0
0
0
0
0
0
0
0
0
0
0
0
0
0
0
0
0
0
0
0
0
0
0
0
0
1
0.5
36
32
4
0
2
1
1
0
0
0
0
0
0
0
0
0
0
0
0
0
0
0
0
0
0
0
0
0
0
0
0
0
0
0
0
0
0
0
0
1
0.5
36
32
4
0
2
1
1
0
0
0
0
0
0
0
0
0
0
0
0
0
0
0
0
0
0
0
0
0
0
0
0
0
0
0
0
0
0
0
0
*** END OBJECT DOC ***
LNX StepSequencer Doc v1.1
9
32
5
1
0.5
36
32
4
0
2
1
1
0
0
0
0
0
0
0
0
0
0
0
0
0
0
0
0
0
0
0
0
0
0
0
0
0
0
0
0
0
0
0
0
1
0.5
36
32
4
0
2
1
1
0
0
0
0
0
0
0
0
0
0
0
0
0
0
0
0
0
0
0
0
0
0
0
0
0
0
0
0
0
0
0
0
1
0.5
36
32
4
0
2
1
1
0
0
0
0
0
0
0
0
0
0
0
0
0
0
0
0
0
0
0
0
0
0
0
0
0
0
0
0
0
0
0
0
1
0.5
36
32
4
0
2
1
1
0
0
0
0
0
0
0
0
0
0
0
0
0
0
0
0
0
0
0
0
0
0
0
0
0
0
0
0
0
0
0
0
1
0.5
36
32
4
0
2
1
1
0
0
0
0
0
0
0
0
0
0
0
0
0
0
0
0
0
0
0
0
0
0
0
0
0
0
0
0
0
0
0
0
1
0.5
36
32
4
0
2
1
1
0
0
0
0
0
0
0
0
0
0
0
0
0
0
0
0
0
0
0
0
0
0
0
0
0
0
0
0
0
0
0
0
*** END OBJECT DOC ***
LNX StepSequencer Doc v1.1
9
32
5
1
0.5
36
32
4
0
2
1
1
0.9775390625
0.77923943014706
0.47225413602941
0.30342371323529
0.19600183823529
0.13459329044118
0.093635110294118
0.028435202205882
0
0
0
0
0
0
0
0
0
0
0
0
0
0
0
0
0
0
0
0
0
0
0
0
1
0.5
36
32
4
0
2
1
1
0.9775390625
0.77923943014706
0.47225413602941
0.30342371323529
0.19600183823529
0.13459329044118
0.093635110294118
0.028435202205882
0
0
0
0
0
0
0
0
0
0
0
0
0
0
0
0
0
0
0
0
0
0
0
0
1
0.5
36
32
4
0
2
1
1
0.9775390625
0.77923943014706
0.47225413602941
0.30342371323529
0.19600183823529
0.13459329044118
0.093635110294118
0.028435202205882
0
0
0
0
0
0
0
0
0
0
0
0
0
0
0
0
0
0
0
0
0
0
0
0
1
0.5
36
32
4
0
2
1
1
0.9775390625
0.77923943014706
0.47225413602941
0.30342371323529
0.19600183823529
0.13459329044118
0.093635110294118
0.028435202205882
0
0
0
0
0
0
0
0
0
0
0
0
0
0
0
0
0
0
0
0
0
0
0
0
1
0.5
36
32
4
0
2
1
1
0.9775390625
0.77923943014706
0.47225413602941
0.30342371323529
0.19600183823529
0.13459329044118
0.093635110294118
0.028435202205882
0
0
0
0
0
0
0
0
0
0
0
0
0
0
0
0
0
0
0
0
0
0
0
0
1
0.5
36
32
4
0
2
1
1
0.9775390625
0.77923943014706
0.47225413602941
0.30342371323529
0.19600183823529
0.13459329044118
0.093635110294118
0.028435202205882
0
0
0
0
0
0
0
0
0
0
0
0
0
0
0
0
0
0
0
0
0
0
0
0
*** END OBJECT DOC ***
LNX StepSequencer Doc v1.1
9
32
5
1
0.5
36
27
4
0
5
1
9
0.53900505514706
0.4931640625
0.48299632352941
0.97650505514706
0.97650505514706
0.97650505514706
0.82370174632353
0.58427159926471
0.58427159926471
0.58427159926471
0.61483226102941
0.66073069852941
0.78297334558824
0.859375
0.95105698529412
0.95105698529412
0.87465533088235
0.67601102941176
0.40090762867647
0.26338465073529
0.2939453125
0.51298253676471
0.51298253676471
0.51298253676471
0.57410386029412
0.69634650735294
0.77217371323529
0.77217371323529
0.77217371323529
0.51240808823529
0.44617417279412
0.51688878676471
1
0.5
36
27
4
0
5
1
9
0.53900505514706
0.4931640625
0.48299632352941
0.97650505514706
0.97650505514706
0.97650505514706
0.82370174632353
0.58427159926471
0.58427159926471
0.58427159926471
0.61483226102941
0.66073069852941
0.78297334558824
0.859375
0.95105698529412
0.95105698529412
0.87465533088235
0.67601102941176
0.40090762867647
0.26338465073529
0.2939453125
0.51298253676471
0.51298253676471
0.51298253676471
0.57410386029412
0.69634650735294
0.77217371323529
0.77217371323529
0.77217371323529
0.51240808823529
0.44617417279412
0.51688878676471
1
0.5
36
27
4
0
5
1
9
0.53900505514706
0.4931640625
0.48299632352941
0.97650505514706
0.97650505514706
0.97650505514706
0.82370174632353
0.58427159926471
0.58427159926471
0.58427159926471
0.61483226102941
0.66073069852941
0.78297334558824
0.859375
0.95105698529412
0.95105698529412
0.87465533088235
0.67601102941176
0.40090762867647
0.26338465073529
0.2939453125
0.51298253676471
0.51298253676471
0.51298253676471
0.57410386029412
0.69634650735294
0.77217371323529
0.77217371323529
0.77217371323529
0.51240808823529
0.44617417279412
0.51688878676471
1
0.5
36
27
4
0
5
1
9
0.53900505514706
0.4931640625
0.48299632352941
0.97650505514706
0.97650505514706
0.97650505514706
0.82370174632353
0.58427159926471
0.58427159926471
0.58427159926471
0.61483226102941
0.66073069852941
0.78297334558824
0.859375
0.95105698529412
0.95105698529412
0.87465533088235
0.67601102941176
0.40090762867647
0.26338465073529
0.2939453125
0.51298253676471
0.51298253676471
0.51298253676471
0.57410386029412
0.69634650735294
0.77217371323529
0.77217371323529
0.77217371323529
0.51240808823529
0.44617417279412
0.51688878676471
1
0.5
36
27
4
0
5
1
9
0.53900505514706
0.4931640625
0.48299632352941
0.97650505514706
0.97650505514706
0.97650505514706
0.82370174632353
0.58427159926471
0.58427159926471
0.58427159926471
0.61483226102941
0.66073069852941
0.78297334558824
0.859375
0.95105698529412
0.95105698529412
0.87465533088235
0.67601102941176
0.40090762867647
0.26338465073529
0.2939453125
0.51298253676471
0.51298253676471
0.51298253676471
0.57410386029412
0.69634650735294
0.77217371323529
0.77217371323529
0.77217371323529
0.51240808823529
0.44617417279412
0.51688878676471
1
0.5
36
27
4
0
5
1
9
0.53900505514706
0.4931640625
0.48299632352941
0.97650505514706
0.97650505514706
0.97650505514706
0.82370174632353
0.58427159926471
0.58427159926471
0.58427159926471
0.61483226102941
0.66073069852941
0.78297334558824
0.859375
0.95105698529412
0.95105698529412
0.87465533088235
0.67601102941176
0.40090762867647
0.26338465073529
0.2939453125
0.51298253676471
0.51298253676471
0.51298253676471
0.57410386029412
0.69634650735294
0.77217371323529
0.77217371323529
0.77217371323529
0.51240808823529
0.44617417279412
0.51688878676471
*** END OBJECT DOC ***
LNX StepSequencer Doc v1.1
9
32
5
1
0.5
36
32
4
0
2
1
1
0
0
0
0
0
0
0
0
0
0
0
0
0
0
0
0
0
0
0
0
0
0
0
0
0
0
0
0
0
0
0
0
1
0.5
36
32
4
0
2
1
1
0
0
0
0
0
0
0
0
0
0
0
0
0
0
0
0
0
0
0
0
0
0
0
0
0
0
0
0
0
0
0
0
1
0.5
36
32
4
0
2
1
1
0
0
0
0
0
0
0
0
0
0
0
0
0
0
0
0
0
0
0
0
0
0
0
0
0
0
0
0
0
0
0
0
1
0.5
36
32
4
0
2
1
1
0
0
0
0
0
0
0
0
0
0
0
0
0
0
0
0
0
0
0
0
0
0
0
0
0
0
0
0
0
0
0
0
1
0.5
36
32
4
0
2
1
1
0
0
0
0
0
0
0
0
0
0
0
0
0
0
0
0
0
0
0
0
0
0
0
0
0
0
0
0
0
0
0
0
1
0.5
36
32
4
0
2
1
1
0
0
0
0
0
0
0
0
0
0
0
0
0
0
0
0
0
0
0
0
0
0
0
0
0
0
0
0
0
0
0
0
*** END OBJECT DOC ***
*** END INSTRUMENT DOC ***
