SC GSRhythm Doc v1.4
Template Version v1.1
LNX_GSRhythm
DRUMS MAIN
260
8
0
1
6
0
0
1
0
0
127
0
0
0
0
0
0
0
0
0
0
0
1
1
1
1
1
1
1
1
1.8652330115496
-13.229105397158
-14.321888683846
-9.0595124668366
-4.5519302179088
-2.6022455300783
-0.35645928929206
0
0
0
0
0
0
0
0
0
0
0.3748828125
-0.3802734375
0.29671875
0
-0.3210546875
-0.3105859375
0
1
1
1
1
1.0339878842299
1
1
1
-0.0179296875
0.8
0.8
0.6518359375
1
-0.4512109375
0.8
0.8
1.1278125
0.036562500000002
0
0
1.29375
0
0
0
-1
-7
-7
-2
-2
-1
-1
-1
-inf
-16.338390277994
-13.763063411204
-20.212109573214
-18.881253645774
-inf
-inf
-inf
1
0
1
0
0
0
0
0
5
6
3
10
3
11
3
3
1
2
4
8
6
7
16
17
0
0
0
0
0
0
0
0
60.703343564952
7244.2735187933
5118.1844517976
1564.6904546264
1247.8624444159
3791.4334135728
3176.7791736461
20000
0.626328125
0
0
0
0
0
0
0
1.128359375
0.5
0.5
0.5
0.5
0.5
0.5
0.5
1
0
0
0
0
0
0
0
0.8442578125
0.5
0.5
0.5
0.5
0.5
0.5
0.5
43.000616403197
60
60
60
200
60
60
60
0
0
0
0
0
0
0
0
0
0
0
0
0
0
0
0
1
0
0
0
0
0
0
0
0
0
0
0
0
0
0
0
0
0
0
0
0
0
0
0
-inf
-inf
-inf
-inf
-inf
-inf
-inf
-inf
0.5
0.5
0.5
0.5
0.5
0.5
0.5
0.5
0
0.5
60
0
0
6134.8979004806
0
0.5
1
0
0
1
1
1
1
0
0
0
0
0
0
0
0
0
0
0
0
0
0
0
0
0
1
1
6
0
0
1
0
0
127
0
1
0
0
0
0
0
0
0
0
0
1
1
1
1
1
1
1
1
1.8652330115496
-13.229105397158
-14.321888683846
-9.0595124668366
-4.5519302179088
-2.6022455300783
-0.35645928929206
0
0
0
0
0
0
0
0
0
0
0.3748828125
-0.3802734375
0.29671875
0
-0.3210546875
-0.3105859375
0
1
1
1
1
1.0339878842299
1
1
1
-0.0179296875
0.8
0.8
0.6518359375
1
-0.4512109375
0.8
0.8
1.1278125
0.036562500000002
0
0
1.29375
0
0
0
-1
-7
-7
-2
-2
-1
-1
-1
-inf
-16.338390277994
-13.763063411204
-20.212109573214
-18.881253645774
-inf
-inf
-inf
1
0
1
0
0
0
0
0
5
6
3
10
3
11
3
3
1
2
4
8
6
7
16
17
0
0
0
0
0
0
0
0
60.703343564952
7244.2735187933
5118.1844517976
1564.6904546264
1247.8624444159
3791.4334135728
3176.7791736461
20000
0.626328125
0
0
0
0
0
0
0
1.128359375
0.5
0.5
0.5
0.5
0.5
0.5
0.5
1
0
0
0
0
0
0
0
0.8442578125
0.5
0.5
0.5
0.5
0.5
0.5
0.5
43.000616403197
60
60
60
200
60
60
60
0
0
0
0
0
0
0
0
0
0
0
0
0
0
0
0
1
0
0
0
0
0
0
0
0
0
0
0
0
0
0
0
0
0
0
0
0
0
0
0
-inf
-inf
-inf
-inf
-inf
-inf
-inf
-inf
0.5
0.5
0.5
0.5
0.5
0.5
0.5
0.5
0
0.5
60
0
0
6134.8979004806
0
0.5
1
0
0
1
1
1
1
0
0
0
0
0
0
0
0
0
0
0
0
0
0
0
0
0
0
1
6
0
0
1
0
0
127
0
1
0
0
0
0
0
0
0
0
0
0
1
1
1
1
0
0
1
1.8652330115496
-13.229105397158
-14.321888683846
-9.0595124668366
-4.5519302179088
-2.6022455300783
-0.35645928929206
0
0
0
0
0
0
0
0
0
0
0
0
0
0
0
0
0
1
1
1
1
1.0339878842299
1
1
1
-0.0179296875
0.8
0.8
0.6518359375
1
-0.4512109375
0.8
0.8
1.1278125
0.036562500000002
0
0
1.29375
0
0
0
-1
-7
-5
-2
-2
-1
-1
-1
-inf
-16.338390277994
-2.1366263546769
-20.212109573214
-18.881253645774
-inf
-inf
-inf
1
0
1
0
0
0
0
0
5
6
3
10
3
11
3
3
1
2
4
8
6
7
16
17
0
0
0
0
0
0
0
0
60.703343564952
7244.2735187933
5118.1844517976
1564.6904546264
1247.8624444159
3791.4334135728
3176.7791736461
20000
0.626328125
0
0
0
0
0
0
0
1.128359375
0.5
0.5
0.5
0.5
0.5
0.5
0.5
1
0
0
0
0
0
0
0
0.8442578125
0.5
0.5
0.5
0.5
0.5
0.5
0.5
43.000616403197
60
60
60
200
60
60
60
0
0
0
0
0
0
0
0
0
0
0
0
0
0
0
0
1
0
0
0
0
0
0
0
0
0
0
0
0
0
0
0
0
0
0
0
0
0
0
0
-inf
-inf
-inf
-inf
-inf
-inf
-inf
-inf
0.5
0.5
0.5
0.5
0.5
0.5
0.5
0.5
0
0.5
60
0
0
6134.8979004806
0
0.5
1
0
0
1
1
1
1
0
0
0
0
0
0
0
0
0
0
0
0
0
0
0
0
0
0
1
6
0
0
1
0
0
127
0
1
0
0
0
0
0
0
0
0
0
0
0
0
0
0
0
0
0
1.8652330115496
-13.229105397158
-14.321888683846
-9.0595124668366
-4.5519302179088
-2.6022455300783
-2.4724374591745
0
0
0
0
0
0
0
0
0
0
0
0
0
0.4159765625
0
0
0
1
1
1
1
1.0339878842299
1
1
1
-0.0179296875
0.8
0.8
0.6518359375
1
-0.4512109375
0.8
0.8
1.1278125
0.036562500000002
0
0
1.29375
0
0
0
-1
-7
-5
-2
-2
-1
-1
-1
-inf
-16.338390277994
-2.1366263546769
-20.212109573214
-25.067659562061
-inf
-inf
-inf
1
0
1
0
0
0
0
0
5
6
3
10
3
11
12
3
1
2
4
8
6
7
5
17
0
0
0
0
0
0
0
0
60.703343564952
7244.2735187933
5118.1844517976
1564.6904546264
1247.8624444159
3791.4334135728
3934.7461074838
20000
0.626328125
0
0
0
0
0
0
0
1.128359375
0.5
0.5
0.5
0.5
0.5
0.5
0.5
1
0
0
0
0
0
0
0
0.8442578125
0.5
0.5
0.5
0.5
0.5
0.8030859375
0.5
43.000616403197
60
60
60
200
60
42.774422661248
60
0
0
0
0
0
0
0
0
0
0
0
0
0
0
0.01330078125
0
1
0
0
0
0
0
0
0
0
0
0
0
0
0
0
0
0
0
0
0
0
0
0
0
-inf
-inf
-inf
-inf
-inf
-inf
-inf
-inf
0.5
0.5
0.5
0.5
0.5
0.5
0.5
0.5
0
0.5
60
0
0
6134.8979004806
0
0.5
1
0
0
1
1
1
1
0
0
0
0
0
0
0
0
0
0
0
0
0
0
0
0
0
0
1
6
0
0
1
0
0
127
0
1
0
0
0
0
0
0
0
0
0
1
0
1
1
1
1
1
0
1.8652330115496
-13.229105397158
-inf
-5.1189859575208
-4.5519302179088
-9.31910754374
-2.2795261265024
0
0
0
0
0
0
0
0
0
0
0
0
-0.2197265625
0.3536328125
-0.2994140625
0.3345703125
0
1
1
1
1
1.0339878842299
1
1
1
-0.0179296875
0.8
0.8
0.6518359375
1
-0.791171875
-0.41078125
0.8
1.1278125
0.036562500000002
0
0
1.29375
0.08625
-0.60703125
0
-1
-7
-7
-2
-2
-1
-1
-1
-inf
-16.338390277994
-44.361664316828
-20.212109573214
-25.067659562061
-inf
-inf
-inf
1
0
1
0
0
0
0
0
5
6
3
10
3
11
12
3
1
2
4
8
6
9
5
17
0
0
0
0
0
0
0
0
60.703343564952
7244.2735187933
5118.1844517976
1564.6904546264
1247.8624444159
5066.6558016012
3934.7461074838
20000
0.626328125
0
0
0
0
0
0
0
1.128359375
0.5
0.5
0.5
0.5
0.5
0.5
0.5
1
0
0
0
0
0
0
0
0.8442578125
0.5
0.5
0.5
0.5
0.5
0.8030859375
0.5
43.000616403197
60
60
60
200
60
42.774422661248
60
0
0
0
0
0
0
0
0
0
0
0
0
0
0
0.01330078125
0
1
0
0
0
0
0
0
0
0
0
0
0
0
0
0
0
0
0
0
0
0
0.2780078125
0
0
-inf
-inf
-inf
-inf
-inf
-inf
-inf
-inf
0.5
0.5
0.5
0.5
0.5
0.5
0.5
0.5
0
0.5
60
0
0
6134.8979004806
0
0.5
1
0
0
1
1
1
1
0
0
0
0
0
0
0
0
0
0
0
0
0
0
0
0
0
1
1
6
0
0
1
0
0
127
0
1
0
0
0
0
0
0
0
0
0
1
1
1
1
1
1
1
1
1.8652330115496
-13.229105397158
-14.321888683846
-9.0595124668366
-4.5519302179088
-2.6022455300783
-0.35645928929206
0
0
0
0
0
0
0
0
0
0
0.3133203125
-0.339453125
0.3024609375
0
-0.276328125
-0.2520703125
0
1
1
1
1
1.0339878842299
1
1
1
-0.0179296875
0.8
0.8
0.6518359375
1
-0.4512109375
0.8
0.8
1.1278125
0.036562500000002
0
0
1.29375
0
0
0
-1
-7
-7
-2
-2
-1
-1
-1
-inf
-16.338390277994
-13.763063411204
-20.212109573214
-18.881253645774
-inf
-inf
-inf
1
0
1
0
0
0
0
0
5
6
3
10
3
11
3
3
1
2
4
8
6
7
16
17
0
0
0
0
0
0
0
0
60.703343564952
7244.2735187933
5118.1844517976
1564.6904546264
1247.8624444159
3791.4334135728
3176.7791736461
20000
0.626328125
0
0
0
0
0
0
0
1.128359375
0.5
0.5
0.5
0.5
0.5
0.5
0.5
1
0
0
0
0
0
0
0
0.8442578125
0.5
0.5
0.5
0.5
0.5
0.5
0.5
43.000616403197
60
60
60
200
60
60
60
0
0
0
0
0
0
0
0
0
0
0
0
0
0
0
0
1
0
0
0
0
0
0
0
0
0
0
0
0
0
0
0
0
0
0
0
0
0
0
0
-inf
-inf
-inf
-inf
-inf
-inf
-inf
-inf
0.5
0.5
0.5
0.5
0.5
0.5
0.5
0.5
0
0.5
60
0
0
6134.8979004806
0
0.5
1
0
0
1
1
1
1
0
0
0
0
0
0
0
0
0
0
0
0
0
0
0
0
0
0
1
6
0
0
1
0
0
127
0
1
0
0
0
0
0
0
0
0
0
1
1
1
1
1
0
0
1
1.8652330115496
-13.229105397158
-14.321888683846
-9.0595124668366
-4.5519302179088
-2.6022455300783
-0.35645928929206
0
0
0
0
0
0
0
0
0
0
0
0
0
0
0
0
0
1
1
1
1
1.0339878842299
1
1
1
-0.0179296875
0.8
0.8
0.6518359375
1
-0.4512109375
0.8
0.8
1.1278125
0.036562500000002
0
0
1.29375
0
0
0
-1
-7
-5
-2
-2
-1
-1
-1
-inf
-16.338390277994
-2.1366263546769
-20.212109573214
-18.881253645774
-inf
-inf
-inf
0
0
1
0
0
0
0
0
5
6
3
10
3
11
3
3
1
2
4
8
6
7
16
17
0
0
0
0
0
0
0
0
60.703343564952
7244.2735187933
5118.1844517976
1564.6904546264
1247.8624444159
3791.4334135728
3176.7791736461
20000
0.626328125
0
0
0
0
0
0
0
1.128359375
0.5
0.5
0.5
0.5
0.5
0.5
0.5
1
0
0
0
0
0
0
0
0.8442578125
0.5
0.5
0.5
0.5
0.5
0.5
0.5
43.000616403197
60
60
60
200
60
60
60
0
0
0
0
0
0
0
0
0
0
0
0
0
0
0
0
1
0
0
0
0
0
0
0
0
0
0
0
0
0
0
0
0
0
0
0
0
0
0
0
-inf
-inf
-inf
-inf
-inf
-inf
-inf
-inf
0.5
0.5
0.5
0.5
0.5
0.5
0.5
0.5
0
0.5
60
0
0
6134.8979004806
0
0.5
1
0
0
1
1
1
1
0
0
0
0
0
0
0
0
0
0
0
0
0
0
0
0
0
0
1
6
0
0
1
0
0
127
0
1
0
0
0
0
0
0
0
0
0
0
0
0
0
0
0
0
0
1.8652330115496
-13.229105397158
-14.321888683846
-9.0595124668366
-4.5519302179088
-2.6022455300783
-2.4724374591745
0
0
0
0
0
0
0
0
0
0
0
0
0
0.4159765625
0
0
0
1
1
1
1
1.0339878842299
1
1
1
-0.0179296875
0.8
0.8
0.6518359375
1
-0.4512109375
0.8
0.8
1.1278125
0.036562500000002
0
0
1.29375
0
0
0
-1
-7
-5
-2
-2
-1
-1
-1
-inf
-16.338390277994
-2.1366263546769
-20.212109573214
-25.067659562061
-inf
-inf
-inf
1
0
1
0
0
0
0
0
5
6
3
10
3
11
12
3
1
2
4
8
6
7
5
17
0
0
0
0
0
0
0
0
60.703343564952
7244.2735187933
5118.1844517976
1564.6904546264
1247.8624444159
3791.4334135728
3934.7461074838
20000
0.626328125
0
0
0
0
0
0
0
1.128359375
0.5
0.5
0.5
0.5
0.5
0.5
0.5
1
0
0
0
0
0
0
0
0.8442578125
0.5
0.5
0.5
0.5
0.5
0.8030859375
0.5
43.000616403197
60
60
60
200
60
42.774422661248
60
0
0
0
0
0
0
0
0
0
0
0
0
0
0
0.01330078125
0
1
0
0
0
0
0
0
0
0
0
0
0
0
0
0
0
0
0
0
0
0
0
0
0
-inf
-inf
-inf
-inf
-inf
-inf
-inf
-inf
0.5
0.5
0.5
0.5
0.5
0.5
0.5
0.5
0
0.5
60
0
0
6134.8979004806
0
0.5
1
0
0
1
1
1
1
0
0
0
0
0
0
0
0
0
0
0
0
0
0
0
0
0
0
1
6
0
0
1
0
0
127
0
1
0
0
0
0
0
0
0
0
0
1
0
1
1
1
1
1
0
1.8652330115496
-13.229105397158
-inf
-5.1189859575208
-4.5519302179088
-9.31910754374
-2.2795261265024
0
0
0
0
0
0
0
0
0
0
0
0
-0.2197265625
0.3536328125
-0.2994140625
0.3345703125
0
1
1
1
1
1.0339878842299
1
1
1
-0.0179296875
0.8
0.8
0.6518359375
1
-0.791171875
-0.41078125
0.8
1.1278125
0.036562500000002
0
0
1.29375
0.08625
-0.60703125
0
-1
-7
-7
-2
-2
-1
-1
-1
-inf
-16.338390277994
-44.361664316828
-20.212109573214
-25.067659562061
-inf
-inf
-inf
1
0
1
0
0
0
0
0
5
6
3
10
3
11
12
3
1
2
4
8
6
9
5
17
0
0
0
0
0
0
0
0
60.703343564952
7244.2735187933
5118.1844517976
1564.6904546264
1247.8624444159
5066.6558016012
3934.7461074838
20000
0.626328125
0
0
0
0
0
0
0
1.128359375
0.5
0.5
0.5
0.5
0.5
0.5
0.5
1
0
0
0
0
0
0
0
0.8442578125
0.5
0.5
0.5
0.5
0.5
0.8030859375
0.5
43.000616403197
60
60
60
200
60
42.774422661248
60
0
0
0
0
0
0
0
0
0
0
0
0
0
0
0.01330078125
0
1
0
0
0
0
0
0
0
0
0
0
0
0
0
0
0
0
0
0
0
0
0.2780078125
0
0
-inf
-inf
-inf
-inf
-inf
-inf
-inf
-inf
0.5
0.5
0.5
0.5
0.5
0.5
0.5
0.5
0
0.5
60
0
0
6134.8979004806
0
0.5
1
0
0
1
1
1
1
0
0
0
0
0
0
0
0
0
0
0
0
0
0
0
0
0
Preset 0
Preset 1
Preset 2
Preset 3
Preset 4
Preset 5
Preset 6
Preset 7
1
2
1
0
*** MIDI Control Doc v1.1
0
*** End MIDI Control Doc ***
8
LNX StepSequencer Doc v1.1
9
32
8
1
0.5
36
20
4
0
2
1
1
1
0
0
0
0
1
0
0
0
0
1
0
0
0
0.66216681985294
0
0.71254595588235
0
1
0
0
0
0
0
0
0
0
0
0
0
0
0
1
0.5
36
20
4
0
2
1
1
1
0
0
0
0
1
0
0
0
0
1
0
0
0
0.66216681985294
0
0.71254595588235
0
1
0
0
0
0
0
0
0
0
0
0
0
0
0
1
0.5
36
20
4
0
2
1
1
1
0
0
0
0
1
0
0
0
0
1
0
0
0
0.66216681985294
0
0.71254595588235
0
1
0
0
0
0
0
0
0
0
0
0
0
0
0
1
0.5
36
20
4
0
2
1
1
1
0
0
0
0
1
0
0
0
0
1
0
0
0
0.66216681985294
0
0.71254595588235
0
1
0
0
0
0
0
0
0
0
0
0
0
0
0
1
0.5
36
20
4
0
2
1
1
1
0
0
0
0
1
0
0
0
0
1
0
0
0
0.66216681985294
0
0.71254595588235
0
1
0
0
0
0
0
0
0
0
0
0
0
0
0
1
0.5
36
20
4
0
2
1
1
1
0
0
0
0
1
0
0
0
0
1
0
0
0
0.66216681985294
0
0.71254595588235
0
1
0
0
0
0
0
0
0
0
0
0
0
0
0
1
0.5
36
32
4
0
2
1
1
0
0
0
0
0
0
0
0
0
0
0
0
0
0
0
0
0
0
0
0
1
0
0
0
0
1
0
0
1
0
1
0
1
0.5
36
20
4
0
2
1
1
1
0
0
0
0
1
0
0
0
0
1
0
0
0
0.66216681985294
0
0.71254595588235
0
1
0
0
0
0
0
0
0
0
0
0
0
0
0
1
0.5
36
32
4
0
2
1
1
1
0
0
0
0
1
0
0
0
0
1
0
0
0
0.66216681985294
0
0.71254595588235
0
1
0
1
0
0
0
1
0
1
1
0
0
1
1
*** END OBJECT DOC ***
LNX StepSequencer Doc v1.1
9
32
8
1
0.5
36
16
4
0
2
1
1
0
0
0
0
1
0
0
0
0
0
0
0
1
0
0
0
0
0
0
0
0
0
0
0
0
0
0
0
0
0
0
0
1
0.5
36
16
4
0
2
1
1
0
0
0
0
1
0
0
0
0
0
0
0
1
0
0
0
0
0
0
0
0
0
0
0
0
0
0
0
0
0
0
0
1
0.5
36
16
4
0
2
1
1
0
0
0
0
1
0
0
0
0
0
0
0
1
0
0
0
0
0
0
0
0
0
0
0
0
0
0
0
0
0
0
0
1
0.5
36
16
4
0
2
1
1
0
0
0
0
1
0
0
0
0
0
0
0
1
0
0
0
0
0
0
0
0
0
0
0
0
0
0
0
0
0
0
0
1
0.5
36
16
4
0
2
1
1
0
0
0
0
1
0
0
0
0
0
0
0
1
0
0
0
0
0
0
0
0
0
0
0
0
0
0
0
0
0
0
0
1
0.5
36
16
4
0
2
1
1
0
0
0
0
1
0
0
0
0
0
0
0
1
0
0
0
0
0
0
0
0
0
0
0
0
0
0
0
0
0
0
0
1
0.5
36
32
4
0
2
1
1
0
0
0
0
1
0
0
0
0
0
0
0
1
0
0
0
0
0
0
0
1
0
1
0
0
1
1
0
1
1
1
0
1
0.5
36
16
4
0
2
1
1
0
0
0
0
1
0
0
0
0
0
0
0
1
0
0
0
0
0
0
0
0
0
0
0
0
0
0
0
0
0
0
0
1
0.5
36
32
4
0
2
1
1
0
0
0
0
1
0
0
0
0
0
0
0
1
0
0
0
0
0
0
0
0
0
0
0
0
0
0
0
0
0
0
0
*** END OBJECT DOC ***
LNX StepSequencer Doc v1.1
9
32
8
1
0.5
36
32
4
0
2
1
1
0
0
0
0
1
0
0
0
0
0
0
0
1
0
0
0
0
0
0
0
1
0
0
0
0
0.98385799632353
0.99856387867647
0
1
0
0
0
1
0.5
36
32
4
0
2
1
1
0
0
0
0
1
0
0
0
0
0
0
0
1
0
0
0
0
0
0
0
1
0
0
0
0
0.98385799632353
0.99856387867647
0
1
0
0
0
1
0.5
36
32
4
0
2
1
1
0
0
0
0
1
0
0
0
0
0
0
0
1
0
0
0
0
0
0
0
1
0
0
0
0
0.98385799632353
0.99856387867647
0
1
0
0
0
1
0.5
36
32
4
0
2
1
1
0
0
0
0
1
0
0
0
0
0
0
0
1
0
0
0
0
0
0
0
1
0
0
0
0
0.98385799632353
0.99856387867647
0
1
0
0
0
1
0.5
36
32
4
0
2
1
1
0
0
0
0
1
0
0
0
0
0
0
0
1
0
1
0
0
0
0
0
1
0
0
0
0
0
1
0
1
0
0
0
1
0.5
36
32
4
0
2
1
1
0
0
0
0
1
0
0
0
0
0
0
0
1
0
0
0
0
1
1
1
1
0
1
0
0
1
0
1
0
1
1
1
1
0.5
36
32
4
0
2
1
1
0
0
0
0
1
0
0
0
0
0
0
0
1
0
0
0
0
0
0
0
1
0
1
0
0
0.98385799632353
0
0
1
1
0
0
1
0.5
36
32
4
0
2
1
1
0
0
0
0
1
0
0
0
0
0
0
0
1
0
0
0
0
0
0
0
1
0
0
0
0
0.98385799632353
0.99856387867647
0
1
0
0
0
1
0.5
36
32
4
0
2
1
1
0
0
0
0
1
0
0
0
0
0
0
0
1
0
1
0
0
0
0
0
0
0
0
0
0
0
0
0
0
0
0
0
*** END OBJECT DOC ***
LNX StepSequencer Doc v1.1
9
32
8
1
0.5
36
24
4
0
2
1
1
0.83949908088235
0.83949908088235
0.87005974264706
0.87005974264706
0.76309742647059
0
0
0
0.76309742647059
0.71783088235294
0.70255055147059
0.70255055147059
0
0
0.79026884191176
0.80554917279412
0.80554917279412
0.80554917279412
0
0
0.84633501838235
0.84633501838235
0.90573299632353
0
0
0
0
0
0
0
0
0
1
0.5
36
24
4
0
2
1
1
0.83949908088235
0.83949908088235
0.87005974264706
0.87005974264706
0.76309742647059
0
0
0
0.76309742647059
0.71783088235294
0.70255055147059
0.70255055147059
0
0
0.79026884191176
0.80554917279412
0.80554917279412
0.80554917279412
0
0
0.84633501838235
0.84633501838235
0.90573299632353
0
0
0
0
0
0
0
0
0
1
0.5
36
24
4
0
2
1
1
0.83949908088235
0.83949908088235
0.87005974264706
0.87005974264706
0.76309742647059
0
0
0
0.76309742647059
0.71783088235294
0.70255055147059
0.70255055147059
0
0
0.79026884191176
0.80554917279412
0.80554917279412
0.80554917279412
0
0
0.84633501838235
0.84633501838235
0.90573299632353
0
0
0
0
0
0
0
0
0
1
0.5
36
24
4
0
2
1
1
0.83949908088235
0.83949908088235
0.87005974264706
0.87005974264706
0.76309742647059
0
0
0
0.76309742647059
0.71783088235294
0.70255055147059
0.70255055147059
0
0
0.79026884191176
0.80554917279412
0.80554917279412
0.80554917279412
0
0
0.84633501838235
0.84633501838235
0.90573299632353
0
0
0
0
0
0
0
0
0
1
0.5
36
24
4
0
2
1
1
0.83949908088235
0.83949908088235
0.87005974264706
0.87005974264706
0.76309742647059
0
0
0
0.76309742647059
0.71783088235294
0.70255055147059
0.70255055147059
0
0
0.79026884191176
0.80554917279412
0.80554917279412
0.80554917279412
0
0
0.84633501838235
0.84633501838235
0.90573299632353
0
0
0
0
0
0
0
0
0
1
0.5
36
24
4
0
2
1
1
0.83949908088235
0.83949908088235
0.87005974264706
0.87005974264706
0.76309742647059
0
0
0
0.76309742647059
0.71783088235294
0.70255055147059
0.70255055147059
0
0
0.79026884191176
0.80554917279412
0.80554917279412
0.80554917279412
0
0
0.84633501838235
0.84633501838235
0.90573299632353
0
0
0
0
0
0
0
0
0
1
0.5
36
32
4
0
2
1
1
0.83949908088235
0.83949908088235
0.87005974264706
0.87005974264706
0.76309742647059
0
0
0
0.76309742647059
0.71783088235294
0.70255055147059
0.70255055147059
0
0
0
0
0
0
0
0
1
0
1
1
1
1
1
0
1
0
1
1
1
0.5
36
24
4
0
2
1
1
0.83949908088235
0.83949908088235
0.87005974264706
0.87005974264706
0.76309742647059
0
0
0
0.76309742647059
0.71783088235294
0.70255055147059
0.70255055147059
0
0
0.79026884191176
0.80554917279412
0.80554917279412
0.80554917279412
0
0
0.84633501838235
0.84633501838235
0.90573299632353
0
0
0
0
0
0
0
0
0
1
0.5
36
32
4
0
2
1
1
0.83949908088235
0.83949908088235
0.87005974264706
0.87005974264706
0.76309742647059
0
0
0
0.76309742647059
0.71783088235294
0.70255055147059
0.70255055147059
0
0
0.79026884191176
0.80554917279412
0.80554917279412
0.80554917279412
0
0
0
0
0
0
1
0
1
0
0
0
1
0
*** END OBJECT DOC ***
LNX StepSequencer Doc v1.1
9
32
8
1
0.5
36
32
4
0
2
1
1
0
0
0
0
0
0
0
0
0
0
0
0
1
0
0.73529411764706
0
0
0
0
0
0
0
0
0
0.90550321691176
0
0.96432674632353
0
0
0
0
0
1
0.5
36
32
4
0
2
1
1
0
0
0
0
0
0
0
0
0
0
0
0
1
0
0.73529411764706
0
0
0
0
0
0
0
0
0
0.90550321691176
0
0.96432674632353
0
0
0
0
0
1
0.5
36
32
4
0
2
1
1
0
0
0
0
0
0
0
0
0
0
0
0
1
0
0.73529411764706
0
0
0
0
0
0
0
0
0
0.90550321691176
0
0.96432674632353
0
0
0
0
0
1
0.5
36
28
4
0
2
1
1
0
0
0
0
0
0
0
0
0
0
1
0
0
0
0
0
0
0
1
0
0
0
0
0
0
0
0
0
0
0
0
0
1
0.5
36
24
4
0
2
1
1
0
0
0
0
1
0
0
0
0
0
0
0
0
0
0
0
0
0
1
0
0
0
1
0
0
0
1
0
0
0
0
0
1
0.5
36
32
4
0
2
1
1
0
0
0
0
0
0
0
0
0
0
0
0
0
0
0
0
0
1
0
0
1
0
0
0
0
1
0
1
0
1
0
0
1
0.5
36
32
4
0
2
1
1
0
0
0
0
0
0
0
0
0
0
0
0
1
0
0.73529411764706
0
0
0
0
0
0
0
0
0
0
1
0
0
0
0
1
0
1
0.5
36
28
4
0
2
1
1
0
0
0
0
0
0
0
0
0
0
1
0
0
0
0
0
0
0
1
0
0
0
0
0
0
0
0
0
0
0
0
0
1
0.5
36
32
4
0
2
1
1
0
0
0
0
0
0
0
0
0
0
0
0
0
0
0
0
0
0
0
0
0
0
0
0
0
0
0
1
0
0
0
1
*** END OBJECT DOC ***
LNX StepSequencer Doc v1.1
9
32
8
1
0.5
36
32
4
0
2
1
1
0.82467830882353
0.88579963235294
0.931640625
0.92147288602941
0
1
1
0
0.70697380514706
0.80882352941176
0.81904871323529
0.80376838235294
0.78843060661765
0
0.99385340073529
1
0
0.95542279411765
1
1
1
1
1
0
1
0
0.94347426470588
1
1
0
0.99643841911765
0
1
0.5
36
32
4
0
2
1
1
0.82467830882353
0.88579963235294
0.931640625
0.92147288602941
0
1
1
0
0.70697380514706
0.80882352941176
0.81904871323529
0.80376838235294
0.78843060661765
0
0.99385340073529
1
0
0.95542279411765
1
1
1
1
1
0
1
0
0.94347426470588
1
1
0
0.99643841911765
0
1
0.5
36
32
4
0
2
1
1
0.82467830882353
0.88579963235294
0.931640625
0.92147288602941
0
1
1
0
0.70697380514706
0.80882352941176
0.81904871323529
0.80376838235294
0.78843060661765
0
0.99385340073529
1
0
0.95542279411765
1
1
1
1
1
0
1
0
0.94347426470588
1
1
0
0.99643841911765
0
1
0.5
36
32
4
0
2
1
1
0.82467830882353
0.88579963235294
0.931640625
0.92147288602941
0
1
1
0
0.70697380514706
0.80882352941176
0.81904871323529
0.80376838235294
0.78843060661765
0
0.99385340073529
1
0
0.95542279411765
1
1
1
1
1
0
1
0
0.94347426470588
1
1
0
0.99643841911765
0
1
0.5
36
24
4
0
2
1
1
0.67434512867647
0.59794347426471
0.44514016544118
0.32404641544118
0.26407398897059
0.18767233455882
0.17296645220588
0.12258731617647
0.052447150735294
0
0
1
1
0.51436121323529
0.99385340073529
1
0.54136029411765
1
1
0.53676470588235
1
1
0.69588694852941
0.52607996323529
1
0
0.94347426470588
1
1
0
0.99643841911765
0
1
0.5
36
32
4
0
2
1
1
0.82467830882353
0.88579963235294
0.931640625
0.92147288602941
0
1
1
0
0.70697380514706
0.80882352941176
0.81904871323529
0.80376838235294
0.78843060661765
0
0.99385340073529
1
0
0
0
0
0
0
0
0
0
0
0
0
0
0
0
0
1
0.5
36
32
4
0
2
1
1
0.82467830882353
0.88579963235294
0.931640625
0.92147288602941
0
1
1
0
0.70697380514706
0.80882352941176
0.81904871323529
0.80376838235294
0.78843060661765
0
0.99385340073529
1
0
0.95542279411765
1
1
1
1
1
0
1
0
0.94347426470588
1
1
0
0.99643841911765
0
1
0.5
36
32
4
0
2
1
1
0.82467830882353
0.88579963235294
0.931640625
0.92147288602941
0
1
1
0
0.70697380514706
0.80882352941176
0.81904871323529
0.80376838235294
0.78843060661765
0
0.99385340073529
1
0
0.95542279411765
1
1
1
1
1
0
1
0
0.94347426470588
1
1
0
0.99643841911765
0
1
0.5
36
32
4
0
2
1
1
0.67434512867647
0.59794347426471
0.44514016544118
0.32404641544118
0.26407398897059
0.18767233455882
0.17296645220588
0.12258731617647
0.052447150735294
0
0
1
1
0.51436121323529
0.99385340073529
1
0.54136029411765
1
1
0.53676470588235
0
0
0
0
0
0
0
0
0
0
0
0
*** END OBJECT DOC ***
LNX StepSequencer Doc v1.1
9
32
8
1
0.5
36
32
4
0
2
1
1
1
0
0
0
0
0
0
0
0
0
0
0
0
0
0
0
0
0
0
0
0
0
0
0
0
0
1
0
0
0
0
0
1
0.5
36
32
4
0
2
1
1
1
0
0
0
0
0
0
0
0
0
0
0
0
0
0
0
0
0
0
0
0
0
0
0
0
0
1
0
0
0
0
0
1
0.5
36
32
4
0
2
1
1
1
0
0
0
0
0
0
0
0
0
0
0
0
0
0
0
0
0
0
0
0
0
0
0
0
0
1
0
0
0
0
0
1
0.5
36
32
4
0
2
1
1
0
0
0
0
0
0
0
0
0
0
0
0
0
0
0
0
0
0
0
0
0
0
0.98690257352941
0
0
0
0
0
0
1
0
0
1
0.5
36
32
4
0
2
1
1
0.50034466911765
0.27280560661765
0.095128676470588
0
0
0
0
0
0
0
0
0
0
0
0
0
0
0
0
0
0
0
0.98690257352941
0.76062729779412
0.56422334558824
0.39045266544118
0.27447150735294
0.16297104779412
0
1
0.66842830882353
0.46237362132353
1
0.5
36
32
4
0
2
1
1
1
0
0
0
0
0
0
0
0
0
0
0
0
0
0
0
0
0
0
0
0
0
0
0
0
0
0
0
0
0
0
0
1
0.5
36
32
4
0
2
1
1
1
0
0
0
0
0
0
0
0
0
0
0
0
0
0
0
0
0
0
0
0
0
0
0
0
0
1
0
0
0
0
0
1
0.5
36
32
4
0
2
1
1
0
0
0
0
0
0
0
0
0
0
0
0
0
0
0
0
0
0
0
0
0
0
0.98690257352941
0
0
0
0
0
0
1
0
0
1
0.5
36
32
4
0
2
1
1
0.50034466911765
0.27280560661765
0.095128676470588
0
0
0
0
0
0
0
0
0
0
0
0
0
0
0
0
0
0
0
0
0
0
0
0
0
0
0
0
0
*** END OBJECT DOC ***
LNX StepSequencer Doc v1.1
9
32
8
1
0.5
36
32
4
0
2
1
1
0
0
0
0
0
0
0
0
0
0
0
0
0
0
0
0
0
0
0
0
0
0
0
0
0
0
0
0
0
0
0
0
1
0.5
36
32
4
0
2
1
1
0
0
0
0
0
0
0
0
0
0
0
0
0
0
0
0
0
0
0
0
0
0
0
0
0
0
0
0
0
0
0
0
1
0.5
36
32
4
0
2
1
1
0
0
0
0
0
0
0
0
0
0
0
0
0
0
0
0
0
0
0
0
0
0
0
0
0
0
0
0
0
0
0
0
1
0.5
36
32
4
0
2
1
1
0
0
0
0
0
0
0
0
0
0
0
0
0
0
0
0
0
0
0
0
0
0
0
0
0
0
0
0
0
0
0
0
1
0.5
36
32
4
0
2
1
1
0
0
0
0
0
0
0
0
0
0
0
0
0
0
0
0
0
0
0
0
0
0
0
0
0
0
0
0
0
0
0
0
1
0.5
36
32
4
0
2
1
1
0
0
0
0
0
0
0
0
0
0
0
0
0
0
0
0
0
0
0
0
0
0
0
0
0
0
0
0
0
0
0
0
1
0.5
36
32
4
0
2
1
1
0
0
0
0
0
0
0
0
0
0
0
0
0
0
0
0
0
0
0
0
0
0
0
0
0
0
0
0
0
0
0
0
1
0.5
36
32
4
0
2
1
1
0
0
0
0
0
0
0
0
0
0
0
0
0
0
0
0
0
0
0
0
0
0
0
0
0
0
0
0
0
0
0
0
1
0.5
36
32
4
0
2
1
1
0
0
0
0
0
0
0
0
0
0
0
0
0
0
0
0
0
0
0
0
0
0
0
0
0
0
0
0
0
0
0
0
*** END OBJECT DOC ***
LNX StepSequencer Doc v1.1
9
32
8
1
0.5
36
32
4
0
2
1
1
0
0
0
0
0
0
0
0
0
0
0
0
0
0
0
0
0
0
0
0
0
0
0
0
0
0
0
0
0
0
0
0
1
0.5
36
32
4
0
2
1
1
0
0
0
0
0
0
0
0
0
0
0
0
0
0
0
0
0
0
0
0
0
0
0
0
0
0
0
0
0
0
0
0
1
0.5
36
32
4
0
2
1
1
0
0
0
0
0
0
0
0
0
0
0
0
0
0
0
0
0
0
0
0
0
0
0
0
0
0
0
0
0
0
0
0
1
0.5
36
32
4
0
2
1
1
0
0
0
0
0
0
0
0
0
0
0
0
0
0
0
0
0
0
0
0
0
0
0
0
0
0
0
0
0
0
0
0
1
0.5
36
32
4
0
2
1
1
0
0
0
0
0
0
0
0
0
0
0
0
0
0
0
0
0
0
0
0
0
0
0
0
0
0
0
0
0
0
0
0
1
0.5
36
32
4
0
2
1
1
0
0
0
0
0
0
0
0
0
0
0
0
0
0
0
0
0
0
0
0
0
0
0
0
0
0
0
0
0
0
0
0
1
0.5
36
32
4
0
2
1
1
0
0
0
0
0
0
0
0
0
0
0
0
0
0
0
0
0
0
0
0
0
0
0
0
0
0
0
0
0
0
0
0
1
0.5
36
32
4
0
2
1
1
0
0
0
0
0
0
0
0
0
0
0
0
0
0
0
0
0
0
0
0
0
0
0
0
0
0
0
0
0
0
0
0
1
0.5
36
32
4
0
2
1
1
0
0
0
0
0
0
0
0
0
0
0
0
0
0
0
0
0
0
0
0
0
0
0
0
0
0
0
0
0
0
0
0
*** END OBJECT DOC ***
LNX StepSequencer Doc v1.1
9
32
8
1
0.5
36
32
4
0
2
1
1
0
0
0
0
0
0
0
0
0
0
0
0
0
0
0
0
0
0
0
0
0
0
0
0
0
0
0
0
0
0
0
0
1
0.5
36
32
4
0
2
1
1
0
0
0
0
0
0
0
0
0
0
0
0
0
0
0
0
0
0
0
0
0
0
0
0
0
0
0
0
0
0
0
0
1
0.5
36
32
4
0
2
1
1
0
0
0
0
0
0
0
0
0
0
0
0
0
0
0
0
0
0
0
0
0
0
0
0
0
0
0
0
0
0
0
0
1
0.5
36
32
4
0
2
1
1
0
0
0
0
0
0
0
0
0
0
0
0
0
0
0
0
0
0
0
0
0
0
0
0
0
0
0
0
0
0
0
0
1
0.5
36
32
4
0
2
1
1
0
0
0
0
0
0
0
0
0
0
0
0
0
0
0
0
0
0
0
0
0
0
0
0
0
0
0
0
0
0
0
0
1
0.5
36
32
4
0
2
1
1
0
0
0
0
0
0
0
0
0
0
0
0
0
0
0
0
0
0
0
0
0
0
0
0
0
0
0
0
0
0
0
0
1
0.5
36
32
4
0
2
1
1
0
0
0
0
0
0
0
0
0
0
0
0
0
0
0
0
0
0
0
0
0
0
0
0
0
0
0
0
0
0
0
0
1
0.5
36
32
4
0
2
1
1
0
0
0
0
0
0
0
0
0
0
0
0
0
0
0
0
0
0
0
0
0
0
0
0
0
0
0
0
0
0
0
0
1
0.5
36
32
4
0
2
1
1
0
0
0
0
0
0
0
0
0
0
0
0
0
0
0
0
0
0
0
0
0
0
0
0
0
0
0
0
0
0
0
0
*** END OBJECT DOC ***
LNX StepSequencer Doc v1.1
9
32
8
1
0.5
36
32
4
0
2
1
1
0
0
0
0
0
0
0
0
0
0
0
0
0
0
0
0
0
0
0
0
0
0
0
0
0
0
0
0
0
0
0
0
1
0.5
36
32
4
0
2
1
1
0
0
0
0
0
0
0
0
0
0
0
0
0
0
0
0
0
0
0
0
0
0
0
0
0
0
0
0
0
0
0
0
1
0.5
36
32
4
0
2
1
1
0
0
0
0
0
0
0
0
0
0
0
0
0
0
0
0
0
0
0
0
0
0
0
0
0
0
0
0
0
0
0
0
1
0.5
36
32
4
0
2
1
1
0
0
0
0
0
0
0
0
0
0
0
0
0
0
0
0
0
0
0
0
0
0
0
0
0
0
0
0
0
0
0
0
1
0.5
36
32
4
0
2
1
1
0
0
0
0
0
0
0
0
0
0
0
0
0
0
0
0
0
0
0
0
0
0
0
0
0
0
0
0
0
0
0
0
1
0.5
36
32
4
0
2
1
1
0
0
0
0
0
0
0
0
0
0
0
0
0
0
0
0
0
0
0
0
0
0
0
0
0
0
0
0
0
0
0
0
1
0.5
36
32
4
0
2
1
1
0
0
0
0
0
0
0
0
0
0
0
0
0
0
0
0
0
0
0
0
0
0
0
0
0
0
0
0
0
0
0
0
1
0.5
36
32
4
0
2
1
1
0
0
0
0
0
0
0
0
0
0
0
0
0
0
0
0
0
0
0
0
0
0
0
0
0
0
0
0
0
0
0
0
1
0.5
36
32
4
0
2
1
1
0
0
0
0
0
0
0
0
0
0
0
0
0
0
0
0
0
0
0
0
0
0
0
0
0
0
0
0
0
0
0
0
*** END OBJECT DOC ***
LNX StepSequencer Doc v1.1
9
32
8
1
0.5
36
32
4
0
2
1
1
0
0
0
0
0
0
0
0
0
0
0
0
0
0
0
0
0
0
0
0
0
0
0
0
0
0
0
0
0
0
0
0
1
0.5
36
32
4
0
2
1
1
0
0
0
0
0
0
0
0
0
0
0
0
0
0
0
0
0
0
0
0
0
0
0
0
0
0
0
0
0
0
0
0
1
0.5
36
32
4
0
2
1
1
0
0
0
0
0
0
0
0
0
0
0
0
0
0
0
0
0
0
0
0
0
0
0
0
0
0
0
0
0
0
0
0
1
0.5
36
32
4
0
2
1
1
0
0
0
0
0
0
0
0
0
0
0
0
0
0
0
0
0
0
0
0
0
0
0
0
0
0
0
0
0
0
0
0
1
0.5
36
32
4
0
2
1
1
0
0
0
0
0
0
0
0
0
0
0
0
0
0
0
0
0
0
0
0
0
0
0
0
0
0
0
0
0
0
0
0
1
0.5
36
32
4
0
2
1
1
0
0
0
0
0
0
0
0
0
0
0
0
0
0
0
0
0
0
0
0
0
0
0
0
0
0
0
0
0
0
0
0
1
0.5
36
32
4
0
2
1
1
0
0
0
0
0
0
0
0
0
0
0
0
0
0
0
0
0
0
0
0
0
0
0
0
0
0
0
0
0
0
0
0
1
0.5
36
32
4
0
2
1
1
0
0
0
0
0
0
0
0
0
0
0
0
0
0
0
0
0
0
0
0
0
0
0
0
0
0
0
0
0
0
0
0
1
0.5
36
32
4
0
2
1
1
0
0
0
0
0
0
0
0
0
0
0
0
0
0
0
0
0
0
0
0
0
0
0
0
0
0
0
0
0
0
0
0
*** END OBJECT DOC ***
LNX StepSequencer Doc v1.1
9
32
8
1
0.5
36
32
4
0
2
1
1
0
0
0
0
0
0
0
0
0
0
0
0
0
0
0
0
0
0
0
0
0
0
0
0
0
0
0
0
0
0
0
0
1
0.5
36
32
4
0
2
1
1
0
0
0
0
0
0
0
0
0
0
0
0
0
0
0
0
0
0
0
0
0
0
0
0
0
0
0
0
0
0
0
0
1
0.5
36
32
4
0
2
1
1
0
0
0
0
0
0
0
0
0
0
0
0
0
0
0
0
0
0
0
0
0
0
0
0
0
0
0
0
0
0
0
0
1
0.5
36
32
4
0
2
1
1
0
0
0
0
0
0
0
0
0
0
0
0
0
0
0
0
0
0
0
0
0
0
0
0
0
0
0
0
0
0
0
0
1
0.5
36
32
4
0
2
1
1
0
0
0
0
0
0
0
0
0
0
0
0
0
0
0
0
0
0
0
0
0
0
0
0
0
0
0
0
0
0
0
0
1
0.5
36
32
4
0
2
1
1
0
0
0
0
0
0
0
0
0
0
0
0
0
0
0
0
0
0
0
0
0
0
0
0
0
0
0
0
0
0
0
0
1
0.5
36
32
4
0
2
1
1
0
0
0
0
0
0
0
0
0
0
0
0
0
0
0
0
0
0
0
0
0
0
0
0
0
0
0
0
0
0
0
0
1
0.5
36
32
4
0
2
1
1
0
0
0
0
0
0
0
0
0
0
0
0
0
0
0
0
0
0
0
0
0
0
0
0
0
0
0
0
0
0
0
0
1
0.5
36
32
4
0
2
1
1
0
0
0
0
0
0
0
0
0
0
0
0
0
0
0
0
0
0
0
0
0
0
0
0
0
0
0
0
0
0
0
0
*** END OBJECT DOC ***
LNX StepSequencer Doc v1.1
9
32
8
1
0.5
36
32
4
0
2
1
1
0
0
0
0
0
0
0
0
0
0
0
0
0
0
0
0
0
0
0
0
0
0
0
0
0
0
0
0
0
0
0
0
1
0.5
36
32
4
0
2
1
1
0
0
0
0
0
0
0
0
0
0
0
0
0
0
0
0
0
0
0
0
0
0
0
0
0
0
0
0
0
0
0
0
1
0.5
36
32
4
0
2
1
1
0
0
0
0
0
0
0
0
0
0
0
0
0
0
0
0
0
0
0
0
0
0
0
0
0
0
0
0
0
0
0
0
1
0.5
36
32
4
0
2
1
1
0
0
0
0
0
0
0
0
0
0
0
0
0
0
0
0
0
0
0
0
0
0
0
0
0
0
0
0
0
0
0
0
1
0.5
36
24
4
0
2
1
1
0
0
0
0
0
0
0
0
0
0
0
1
0.030675551470588
0
1
0.030675551470588
0
1
0.030675551470588
0
1
0.030675551470588
0
0
0
0
0
0
0
0
0
0
1
0.5
36
32
4
0
2
1
1
0
0
0
0
0
0
0
0
0
0
0
0
0
0
0
0
0
0
0
0
0
0
0
0
0
0
0
0
0
0
0
0
1
0.5
36
32
4
0
2
1
1
0
0
0
0
0
0
0
0
0
0
0
0
0
0
0
0
0
0
0
0
0
0
0
0
0
0
0
0
0
0
0
0
1
0.5
36
32
4
0
2
1
1
0
0
0
0
0
0
0
0
0
0
0
0
0
0
0
0
0
0
0
0
0
0
0
0
0
0
0
0
0
0
0
0
1
0.5
36
24
4
0
2
1
1
0
0
0
0
0
0
0
0
0
0
0
1
0.030675551470588
0
1
0.030675551470588
0
1
0.030675551470588
0
1
0.030675551470588
0
0
0
0
0
0
0
0
0
0
*** END OBJECT DOC ***
LNX StepSequencer Doc v1.1
9
32
8
1
0.5
36
32
4
0
2
1
1
0
0
0
0
0
0
0
0
0
0
0
0
0
0
0
0
0
0
0
0
0
0
0
0
0
0
0
0
0
0
0
0
1
0.5
36
32
4
0
2
1
1
0
0
0
0
0
0
0
0
0
0
0
0
0
0
0
0
0
0
0
0
0
0
0
0
0
0
0
0
0
0
0
0
1
0.5
36
32
4
0
2
1
1
0
0
0
0
0
0
0
0
0
0
0
0
0
0
0
0
0
0
0
0
0
0
0
0
0
0
0
0
0
0
0
0
1
0.5
36
32
4
0
2
1
1
0
0
0
0
0
0
0
0
0
0
0
0
0
0
0
0
0
0
0
0
0
0
0
0
0
0
0
0
0
0
0
0
1
0.5
36
32
4
0
2
1
1
0
0
0
0
0
0
0
0
0
0
0
0
0
0
0
0
0
0
0
0
0
0
0
0
0
0
0
0
0
0
0
0
1
0.5
36
32
4
0
2
1
1
0
0
0
0
0
0
0
0
0
0
0
0
0
0
0
0
0
0
0
0
0
0
0
0
0
0
0
0
0
0
0
0
1
0.5
36
32
4
0
2
1
1
0
0
0
0
0
0
0
0
0
0
0
0
0
0
0
0
0
0
0
0
0
0
0
0
0
0
0
0
0
0
0
0
1
0.5
36
32
4
0
2
1
1
0
0
0
0
0
0
0
0
0
0
0
0
0
0
0
0
0
0
0
0
0
0
0
0
0
0
0
0
0
0
0
0
1
0.5
36
32
4
0
2
1
1
0
0
0
0
0
0
0
0
0
0
0
0
0
0
0
0
0
0
0
0
0
0
0
0
0
0
0
0
0
0
0
0
*** END OBJECT DOC ***
LNX StepSequencer Doc v1.1
9
32
8
1
0.5
36
32
4
0
2
1
1
0
0
0
0
0
0
0
0
0
0
0
0
0
0
0
0
0
0
0
0
0
0
0
0
0
0
0
0
0
0
0
0
1
0.5
36
32
4
0
2
1
1
0
0
0
0
0
0
0
0
0
0
0
0
0
0
0
0
0
0
0
0
0
0
0
0
0
0
0
0
0
0
0
0
1
0.5
36
32
4
0
2
1
1
0
0
0
0
0
0
0
0
0
0
0
0
0
0
0
0
0
0
0
0
0
0
0
0
0
0
0
0
0
0
0
0
1
0.5
36
32
4
0
2
1
1
0
0
0
0
0
0
0
0
0
0
0
0
0
0
0
0
0
0
0
0
0
0
0
0
0
0
0
0
0
0
0
0
1
0.5
36
32
4
0
2
1
1
0
0
0
0
0
0
0
0
0
0
0
0
0
0
0
0
0
0
0
0
0
0
0
0
0
0
0
0
0
0
0
0
1
0.5
36
32
4
0
2
1
1
0
0
0
0
0
0
0
0
0
0
0
0
0
0
0
0
0
0
0
0
0
0
0
0
0
0
0
0
0
0
0
0
1
0.5
36
32
4
0
2
1
1
0
0
0
0
0
0
0
0
0
0
0
0
0
0
0
0
0
0
0
0
0
0
0
0
0
0
0
0
0
0
0
0
1
0.5
36
32
4
0
2
1
1
0
0
0
0
0
0
0
0
0
0
0
0
0
0
0
0
0
0
0
0
0
0
0
0
0
0
0
0
0
0
0
0
1
0.5
36
32
4
0
2
1
1
0
0
0
0
0
0
0
0
0
0
0
0
0
0
0
0
0
0
0
0
0
0
0
0
0
0
0
0
0
0
0
0
*** END OBJECT DOC ***
*** END INSTRUMENT DOC ***
