SC Melody Doc v1.2
Template Version v1.2
LNX_Melody
BATCH
31
0
0
1
0
127
0
0
0
0
1
50
1
1
0
0
0
1
1
0
0
1
1
0
0
0
0
1
24
12
1
0
1
0
0
999527151
0
*** MIDI Control Doc v1.2
0
0
*** End MIDI Control Doc ***
LNX PRSeq DOC v1.2
0
LNX Score DOC v1.4
18
0
256
2
15
0
1090
1
16
1
46
80
9
0.78740157480315
36
0
9
0.78740157480315
40
32
9
0.78740157480315
38
16
9
0.78740157480315
42
48
9
0.78740157480315
44
64
9
0.78740157480315
46
80
9
0.78740157480315
48
96
9
0.78740157480315
50
112
9
0.78740157480315
58
176
9
0.78740157480315
62
208
9
0.78740157480315
54
144
9
0.78740157480315
66
240
9
0.78740157480315
56
160
9
0.78740157480315
64
224
9
0.78740157480315
60
192
9
0.78740157480315
62
208
9
0.78740157480315
52
128
9
0.78740157480315
*** END Score DOC ***
*** END PRSeq DOC ***
LNX_StoreChords DOC
0
0
*** END LNX_StoreChords DOC ***
LNX_MultiPipeOut DOC
1
0
1
1
0
*** END LNX_MultiPipeOut DOC ***
LNX StepSequencer Doc v1.1
9
32
0
1
0.5
36
32
4
0
2
1
1
1
0
1
0
1
0
1
0
1
0
1
0
1
0
1
0
1
0
1
0
1
0
1
0
1
0
1
0
1
0
1
0
*** END OBJECT DOC ***
*** END INSTRUMENT DOC ***
