SC Melody Doc v1.2
Template Version v1.2
LNX_Melody
Melody Maker
29
1
0
1
0
127
0
0
0
0
1
50
1
1
0
0
0
1
1
0
0
1
1
0
0
0
0
1
24
12
1
0
1
0
127
0
0
0
0
1
50
1
1
0
0
0
1
1
0
0
1
1
0
0
0
0
1
24
12
1
Preset 0
1
0
0
0
*** MIDI Control Doc v1.1
0
*** End MIDI Control Doc ***
LNX PRSeq DOC v1.2
1
LNX Score DOC v1.4
0
0
64
8
15
0
1020
1
16
1
*** END Score DOC ***
LNX Score DOC v1.4
0
0
64
8
15
0
1020
1
16
1
*** END Score DOC ***
*** END PRSeq DOC ***
LNX_StoreChords DOC
14
1
6
43
123.79831932773
55
127
62
127
67
127
71
127
79
124.86554621849
5
42
127
54
120.59663865546
62
127
67
127
71
127
5
40
127
52
122.73109243697
64
127
67
127
72
127
5
42
127
54
122.73109243697
57
127
69
127
74
127
5
40
127
52
123.79831932773
57
127
67
127
74
127
5
38
127
50
122.73109243697
59
127
66
127
74
127
5
40
127
52
121.66386554622
59
127
67
127
72
127
5
42
127
54
120.59663865546
57
127
62
127
72
127
4
43
127
55
121.66386554622
62
127
71
127
5
38
127
50
122.73109243697
54
127
62
127
69
127
5
38
127
57
127
62
127
66
127
69
127
3
50
123.825
66
121.70833333333
72
127
3
38
125.90517241379
66
127
69
125.90517241379
4
43
127
55
121.66386554622
62
127
71
127
16
6
43
123
55
127
62
127
67
127
71
127
79
124
5
42
127
54
120
62
127
67
127
71
127
5
40
127
52
122
64
127
67
127
72
127
5
42
127
54
122
57
127
69
127
74
127
5
40
127
52
123
57
127
67
127
74
127
5
38
127
50
122
59
127
66
127
74
127
5
40
127
52
121
59
127
67
127
72
127
5
42
127
54
120
57
127
62
127
72
127
4
43
127
55
121
62
127
71
127
5
38
127
50
122
54
127
62
127
69
127
5
38
127
57
127
62
127
66
127
69
127
8
38
127
50
124
57
127
62
127
64
127
66
122
67
127
69
127
3
50
123
66
121
72
127
6
50
121
62
120
67
124
69
120
71
127
72
127
3
38
125
66
127
69
125
4
43
127
55
121
62
127
71
127
*** END LNX_StoreChords DOC ***
LNX_MultiPipeOut DOC
1
1
0
0
1
1
0
0
0
*** END LNX_MultiPipeOut DOC ***
LNX StepSequencer Doc v1.1
9
32
1
1
0.5
36
32
4
0
2
1
1
1
0
1
0
1
0
1
0
1
0
1
0
1
0
1
0
1
0
1
0
1
0
1
0
1
0
1
0
1
0
1
0
1
0.5
36
32
4
0
2
1
1
1
0
1
0
1
0
1
0
1
0
1
0
1
0
1
0
1
0
1
0
1
0
1
0
1
0
1
0
1
0
1
0
*** END OBJECT DOC ***
*** END INSTRUMENT DOC ***
