SC DrumSynth Doc v1.3
Template Version v1.2
LNX_DrumSynth
4 by 4
134
0
0
1
-0.9151498112135
4
30
1.6
0.0785
0.72
0.135
1.3
0
0
0
0
0
0
0
0
0
0
0
11
60
0
127
0
1
0
0
0
0
0
0
0
0
0
0
-1
-1
-1
-1
-1
-inf
-inf
-inf
-inf
-inf
0
0
0
0
0
0
0
0
0
0
0
0
0
0
0
1
1
1
1
1
44
0
1
0
0.5
0.99
0.9
1
1
0
0
0
0
0
1
0
1.5
0
2.9
0
0
0
40
0
0.7
0
0.5
0
0
0
0.3
0
0.5
0
0.5
0
0.2
0
0.7
0
0
0
0.5
0
1
0
0.4
0
1
0
1
0
0
1
1
1
1
1
-2.498774732166
-2.498774732166
-2.498774732166
-2.498774732166
-2.498774732166
0
0.74558987202778
-1
-inf
1
0
1
0
*** MIDI Control Doc v1.2
0
0
*** End MIDI Control Doc ***
5
7
1
0.5
36
32
4
0
2
1
0
0
0
1
0
0
0
1
0
0
0
1
0
0
0
0.96428571428571
0
0
0
0.96428571428571
0
0
0
1
0
0
0
1
0
0
0
1
0.5
36
32
4
0
2
0
0
0
0
1
0
0
0
0
0
0
0
1
0
0
0
0
0
0
0
1
0
0
0
0
0
0
0
1
0
0
0
1
0.5
36
32
4
0
2
0
0
0
0
0
0
0
0
0
0
0
0
0
0
0
0
0
0
0
0
0
0
0
0
0
0
0
0
0
0
0
0
1
0.5
36
32
4
0
2
0
0
0
0
0
0
0
0
0
0
0
0
0
0
0
0
0
0
0
0
0
0
0
0
0
0
0
0
0
0
0
0
1
0.5
36
32
4
0
2
0.57142857142857
0
0.55952380952381
0
0.58333333333333
0
0.55952380952381
0
0.54761904761905
0
0.55952380952381
0
0.60714285714286
0
0.55952380952381
0
0.54761904761905
0
0.55952380952381
0
0.55952380952381
0
0.53571428571429
0
0.58333333333333
0
0.51190476190476
0
0.5952380952381
0
0.58333333333333
0
*** END INSTRUMENT DOC ***
