SC DrumSynth Doc v1.3
Template Version v1.1
LNX_DrumSynth
Drum Synth
130
8
0
1
1.3685688307228
0
42
1.009033203125
0.0977484375
0.29337890625
0.135
2.6759765625
0
0.0081249999999999
0
0
0
0
0
0
0
0
0
11
60
0
127
0
0
0
0
0
0
0
0
0.0284375
0.409453125
0
-0.41140625
2
7
7
2
2
-inf
-inf
-inf
6
6
0
0
0
0
0
0
0
0
0
0
0
0.72400390625
0
0.62251953125
0.84306640625
1
1
1
1
1
51
0
0.716013671875
0
0.52052734375
0.9484265625
0.2807421875
0.325498046875
0.58107421875
0
0
0
0
0
0.689251953125
0
0.13152734375
0
2.25923515625
0
0.31876953125
0
45
0
0.151916015625
0
4.4306640625
0.45477678571429
1.0294230769231
0.071026785714286
0.5078515625
0.26542410714286
0.95427734375
0
0
0
0
0
0.1
0.41279017857143
-11.099609375
0
0.5
0
0.588203125
0
0
0
1
0
1.00378984375
0
0
1
1
1
0
1
-7.057161304377
-15.644087846772
0.46199658362171
-1.1012529724568
-15.572270558687
0
1
1.3685688307228
0
42
1.009033203125
0.0977484375
0.29337890625
0.135
2.6759765625
0
0.0081249999999999
0
0
0
0
0
0
0
0
0
11
60
0
127
0
0
4
1
0
0
0
0
0.0284375
0.409453125
0
-0.41140625
2
7
7
2
2
-inf
-inf
-25.534574272472
6
6
0
0
0
0
0
0
0
0
0
0
0
0.72400390625
0
0.62251953125
0.84306640625
1
1
1
1
1
51
0
0.716013671875
0
0.52052734375
0.9484265625
0.2807421875
0.325498046875
0.58107421875
0
0
0
0
0
0.689251953125
0
0.13152734375
0
2.25923515625
0
0.31876953125
0
45
0
0.151916015625
0
4.4306640625
0.45477678571429
1.0294230769231
0.071026785714286
0.5078515625
0.26542410714286
0.95427734375
0
0
0
0
0
0.1
0.41279017857143
-11.099609375
0
0.5
0
0.588203125
0
0
0
1
0
1.00378984375
0
0
1
1
1
0
1
-7.057161304377
-15.644087846772
0.46199658362171
-1.1012529724568
-15.572270558687
0
1
1.3685688307228
0
42
1.009033203125
0.0977484375
0.29337890625
0.135
2.6759765625
0
0.0081249999999999
0
0
0
0
0
0
0
0
0
11
60
0
127
0
0
4
1
0
0
0
0
0.0284375
0.409453125
0
-0.41140625
2
7
7
2
2
-inf
-inf
-25.534574272472
6
6
0
0
0
0
0
0
0
0
0
0
0
0.72400390625
0
0.62251953125
0.84306640625
1
1
1
1
1
51
0
0.716013671875
0
0.52052734375
0.9484265625
0.2807421875
0.325498046875
0.58107421875
0
0
0
0
0
0.689251953125
0
0.13152734375
0
2.25923515625
0
0.31876953125
0
45
0
0.151916015625
0
4.4306640625
0.45477678571429
1.0294230769231
0.071026785714286
0.5078515625
0.26542410714286
0.95427734375
0
0
0
0
0
0.1
0.41279017857143
-11.099609375
0
0.5
0
0.588203125
0
0
0
1
0
1.00378984375
0
0
1
1
1
0
0
-7.057161304377
-15.644087846772
0.46199658362171
-1.1012529724568
-15.572270558687
0
1
1.3685688307228
0
42
1.009033203125
0.0977484375
0.29337890625
0.135
2.6759765625
0
0.0081249999999999
0
0
0
0
0
0
0
0
0
11
60
0
127
0
0
4
1
0
0
0
0
0.0284375
0.409453125
0
-0.41140625
2
7
7
2
2
-inf
-inf
-25.534574272472
6
6
0
0
0
0
0
0
0
0
0
0
0
0.72400390625
0
0.62251953125
0.84306640625
1
1
1
1
1
51
0
0.716013671875
0
0.52052734375
0.9484265625
0.2807421875
0.325498046875
0.58107421875
0
0
0
0
0
0.689251953125
0
0.13152734375
0
2.25923515625
0
0.31876953125
0
45
0
0.151916015625
0
4.4306640625
0.45477678571429
1.0294230769231
0.071026785714286
0.5078515625
0.26542410714286
0.95427734375
0
0
0
0
0
0.1
0.41279017857143
-11.099609375
0
0.5
0
0.588203125
0
0
0
1
0
1.00378984375
0
0
1
1
1
0
1
-7.057161304377
-15.644087846772
0.46199658362171
-1.1012529724568
-15.572270558687
0
1
1.3685688307228
0
42
1.009033203125
0.0977484375
0.29337890625
0.135
2.6759765625
0
0.0081249999999999
0
0
0
0
0
0
0
0
0
11
60
0
127
0
0
4
1
0
0
0
0
0.0284375
0.409453125
0
-0.41140625
2
7
7
2
2
-inf
-inf
-25.534574272472
6
6
0
0
0
0
0
0
0
0
0
0
0
0.72400390625
0
0.62251953125
0.84306640625
1
1
1
1
1
51
0
0.716013671875
0
0.52052734375
0.9484265625
0.2807421875
0.325498046875
0.58107421875
0
0
0
0
0
0.689251953125
0
0.13152734375
0
2.25923515625
0
0.31876953125
0
45
0
0.151916015625
0
4.4306640625
0.45477678571429
1.0294230769231
0.071026785714286
0.5078515625
0.26542410714286
0.95427734375
0
0
0
0
0
0.1
0.41279017857143
-11.099609375
0
0.5
0
0.588203125
0
0
0
1
0
1.00378984375
0
0
1
1
1
0
0
-7.057161304377
-15.644087846772
0.46199658362171
-1.1012529724568
-15.572270558687
0
1
1.3685688307228
0
42
1.009033203125
0.0977484375
0.29337890625
0.135
2.6759765625
0
0.0081249999999999
0
0
0
0
0
0
0
0
0
11
60
0
127
0
0
4
1
0
0
0
0
0.0284375
0.409453125
0
-0.41140625
2
7
7
2
2
-inf
-inf
-25.534574272472
6
6
0
0
0
0
0
0
0
0
0
0
0
0.72400390625
0
0.62251953125
0.84306640625
1
1
1
1
1
51
0
0.716013671875
0
0.52052734375
0.9484265625
0.2807421875
0.325498046875
0.58107421875
0
0
0
0
0
0.689251953125
0
0.13152734375
0
2.25923515625
0
0.31876953125
0
45
0
0.151916015625
0
4.4306640625
0.45477678571429
1.0294230769231
0.071026785714286
0.5078515625
0.26542410714286
0.95427734375
0
0
0
0
0
0.1
0.41279017857143
-11.099609375
0
0.5
0
0.588203125
0
0
0
1
0
1.00378984375
0
0
1
1
1
0
0
-7.057161304377
-15.644087846772
0.46199658362171
-1.1012529724568
-15.572270558687
0
1
1.3685688307228
0
42
1.009033203125
0.0977484375
0.29337890625
0.135
2.6759765625
0
0.0081249999999999
0
0
0
0
0
0
0
0
0
11
60
0
127
0
0
4
1
0
0
0
0
0.0284375
0.409453125
0
-0.41140625
2
7
7
2
2
-inf
-inf
-25.534574272472
6
6
0
0
0
0
0
0
0
0
0
0
0
0.72400390625
0
0.62251953125
0.84306640625
1
1
1
1
1
51
0
0.716013671875
0
0.52052734375
0.9484265625
0.2807421875
0.325498046875
0.58107421875
0
0
0
0
0
0.689251953125
0
0.13152734375
0
2.25923515625
0
0.31876953125
0
45
0
0.151916015625
0
4.4306640625
0.45477678571429
1.0294230769231
0.071026785714286
0.5078515625
0.26542410714286
0.95427734375
0
0
0
0
0
0.1
0.41279017857143
-11.099609375
0
0.5
0
0.588203125
0
0
0
1
0
1.00378984375
0
0
1
1
1
0
0
-7.057161304377
-15.644087846772
0.46199658362171
-1.1012529724568
-15.572270558687
0
1
1.3685688307228
0
42
1.009033203125
0.0977484375
0.29337890625
0.135
2.6759765625
0
0.0081249999999999
0
0
0
0
0
0
0
0
0
11
60
0
127
0
0
4
1
0
0
0
0
0.0284375
0.409453125
0
-0.41140625
2
7
7
2
2
-inf
-inf
-25.534574272472
6
6
0
0
0
0
0
0
0
0
0
0
0
0.72400390625
0
0.62251953125
0.84306640625
1
1
1
1
1
51
0
0.716013671875
0
0.52052734375
0.9484265625
0.2807421875
0.325498046875
0.58107421875
0
0
0
0
0
0.689251953125
0
0.13152734375
0
2.25923515625
0
0.31876953125
0
45
0
0.151916015625
0
4.4306640625
0.45477678571429
1.0294230769231
0.071026785714286
0.5078515625
0.26542410714286
0.95427734375
0
0
0
0
0
0.1
0.41279017857143
-11.099609375
0
0.5
0
0.588203125
0
0
0
1
0
1.00378984375
0
0
1
1
1
0
1
-7.057161304377
-15.644087846772
0.46199658362171
-1.1012529724568
-15.572270558687
0
1
1.3685688307228
0
42
1.009033203125
0.0977484375
0.29337890625
0.135
2.6759765625
0
0.0081249999999999
0
0
0
0
0
0
0
0
0
11
60
0
127
0
0
4
1
0
0
0
0
0.0284375
0.409453125
0
-0.41140625
2
7
7
2
2
-inf
-inf
-25.534574272472
6
6
0
0
0
0
0
0
0
0
0
0
0
0.72400390625
0
0.62251953125
0.84306640625
1
1
1
1
1
51
0
0.716013671875
0
0.52052734375
0.9484265625
0.2807421875
0.325498046875
0.58107421875
0
0
0
0
0
0.689251953125
0
0.13152734375
0
2.25923515625
0
0.31876953125
0
45
0
0.151916015625
0
4.4306640625
0.45477678571429
1.0294230769231
0.071026785714286
0.5078515625
0.26542410714286
0.95427734375
0
0
0
0
0
0.1
0.41279017857143
-11.099609375
0
0.5
0
0.588203125
0
0
0
1
0
1.00378984375
0
0
1
0
0
0
1
-7.057161304377
-15.644087846772
0.46199658362171
-1.1012529724568
-15.572270558687
Preset 0
Preset 1
Preset 2
Preset 3
Preset 4
Preset 5
Preset 6
Preset 7
1
0
1
0
*** MIDI Control Doc v1.1
0
*** End MIDI Control Doc ***
5
7
1
0.5
36
32
4
0
2
0.80994233630952
0
0
0
0
0
0.6977771577381
0
0
0
0
0.78887648809524
0
0
0
0
0
0
0.84198288690476
0
0
0
0
0
0.95335751488095
0
0
0
0
0
0
0
1
0.5
36
12
4
0
2
0
0
0
0
0.52845982142857
0
0
0
0.054268973214286
0
0.09867931547619
0.27822730654762
0
0
0
0
0.64485677083333
0
0
0
0.64629836309524
0
0
0
0.76204427083333
0
0
0
0
0
0
0
1
0.5
36
8
4
0
2
0
0
0
0
0.90848214285714
0
0
0
0
0
0
0
0
0
0
0
0
0
0
0
0
0
0
0
0
0
0
0
0
0
0
0
1
0.5
36
24
4
0
2
0.44177827380952
0
0
0
0.26399739583333
0
0.53576078869048
0
0.54064360119048
0
0.0986328125
0
0.28501674107143
0
0.30975632440476
0
0.50069754464286
0.29013206845238
0.53306361607143
0
0
0
0.50716145833333
0
0.74469866071429
0
0
0.66634114583333
0
0
0.76897321428571
0
1
0.5
36
10
4
0
2
0.23911830357143
0
0.19424293154762
0
0.40652901785714
0
0.17261904761905
0
0.69349888392857
0.10523623511905
0
0
0
0
0
0
0
0
0
0
0
0
0
0
0
0
0
0
0
0
0
0
1
0.5
36
32
4
0
2
0.80994233630952
0
0
0
0
0
0.6977771577381
0
0
0
0
0.78887648809524
0
0
0
0
0
0
0.84198288690476
0
0
0
0
0
0.95335751488095
0
0
0
0
0
0
0
1
0.5
36
12
4
0
2
0
0
0
0
0.52845982142857
0
0
0
0.054268973214286
0
0.09867931547619
0.27822730654762
0
0
0
0
0.64485677083333
0
0
0
0.64629836309524
0
0
0
0.76204427083333
0
0
0
0
0
0
0
1
0.5
36
8
4
0
2
0
0
0
0
0.90848214285714
0
0
0
0
0
0
0
0
0
0
0
0
0
0
0
0
0
0
0
0
0
0
0
0
0
0
0
1
0.5
36
24
4
0
2
0.44177827380952
0
0
0
0.26399739583333
0
0.53576078869048
0
0.54064360119048
0
0.0986328125
0
0.28501674107143
0
0.30975632440476
0
0.50069754464286
0.29013206845238
0.53306361607143
0
0
0
0.50716145833333
0
0.74469866071429
0
0
0.66634114583333
0
0
0.76897321428571
0
1
0.5
36
10
4
0
2
0.23911830357143
0
0.19424293154762
0
0.40652901785714
0
0.17261904761905
0
0.69349888392857
0.10523623511905
0
0
0
0
0
0
0
0
0
0
0
0
0
0
0
0
0
0
0
0
0
0
1
0.5
36
32
4
0
2
0.80994233630952
0
0
0
0
0
0.6977771577381
0
0
0
0
0.78887648809524
0
0
0
0
0
0
0.84198288690476
0
0
0
0
0
0.95335751488095
0
0
0
0
0
0
0
1
0.5
36
12
4
0
2
0
0
0
0
0.52845982142857
0
0
0
0.054268973214286
0
0.09867931547619
0.27822730654762
0
0
0
0
0.64485677083333
0
0
0
0.64629836309524
0
0
0
0.76204427083333
0
0
0
0
0
0
0
1
0.5
36
8
4
0
2
0
0
0
0
0.90848214285714
0
0
0
0
0
0
0
0
0
0
0
0
0
0
0
0
0
0
0
0
0
0
0
0
0
0
0
1
0.5
36
24
4
0
2
0.44177827380952
0
0
0
0.26399739583333
0
0.53576078869048
0
0.54064360119048
0
0.0986328125
0
0.28501674107143
0
0.30975632440476
0
0.50069754464286
0.29013206845238
0.53306361607143
0
0
0
0.50716145833333
0
0.74469866071429
0
0
0.66634114583333
0
0
0.76897321428571
0
1
0.5
36
10
4
0
2
0.23911830357143
0
0.19424293154762
0
0.40652901785714
0
0.17261904761905
0
0.69349888392857
0.10523623511905
0
0
0
0
0
0
0
0
0
0
0
0
0
0
0
0
0
0
0
0
0
0
1
0.5
36
32
4
0
2
0.80994233630952
0
0
0
0
0
0.6977771577381
0
0
0
0
0.78887648809524
0
0
0
0
0
0
0.84198288690476
0
0
0
0
0
0.95335751488095
0
0
0
0
0
0
0
1
0.5
36
12
4
0
2
0
0
0
0
0.52845982142857
0
0
0
0.054268973214286
0
0.09867931547619
0.27822730654762
0
0
0
0
0.64485677083333
0
0
0
0.64629836309524
0
0
0
0.76204427083333
0
0
0
0
0
0
0
1
0.5
36
8
4
0
2
0
0
0
0
0.90848214285714
0
0
0
0
0
0
0
0
0
0
0
0
0
0
0
0
0
0
0
0
0
0
0
0
0
0
0
1
0.5
36
24
4
0
2
0.44177827380952
0
0
0
0.26399739583333
0
0.53576078869048
0
0.54064360119048
0
0.0986328125
0
0.28501674107143
0
0.30975632440476
0
0.50069754464286
0.29013206845238
0.53306361607143
0
0
0
0.50716145833333
0
0.74469866071429
0
0
0.66634114583333
0
0
0.76897321428571
0
1
0.5
36
10
4
0
2
0.23911830357143
0
0.19424293154762
0
0.40652901785714
0
0.17261904761905
0
0.69349888392857
0.10523623511905
0
0
0
0
0
0
0
0
0
0
0
0
0
0
0
0
0
0
0
0
0
0
1
0.5
36
32
4
0
2
0.80994233630952
0
0
0
0
0
0.6977771577381
0
0
0
0
0.78887648809524
0
0
0
0
0
0
0.84198288690476
0
0
0
0
0
0.95335751488095
0
0
0
0
0
0
0
1
0.5
36
12
4
0
2
0
0
0
0
0.52845982142857
0
0
0
0.054268973214286
0
0.09867931547619
0.27822730654762
0
0
0
0
0.64485677083333
0
0
0
0.64629836309524
0
0
0
0.76204427083333
0
0
0
0
0
0
0
1
0.5
36
8
4
0
2
0
0
0
0
0.90848214285714
0
0
0
0
0
0
0
0
0
0
0
0
0
0
0
0
0
0
0
0
0
0
0
0
0
0
0
1
0.5
36
24
4
0
2
0.44177827380952
0
0
0
0.26399739583333
0
0.53576078869048
0
0.54064360119048
0
0.0986328125
0
0.28501674107143
0
0.30975632440476
0
0.50069754464286
0.29013206845238
0.53306361607143
0
0
0
0.50716145833333
0
0.74469866071429
0
0
0.66634114583333
0
0
0.76897321428571
0
1
0.5
36
10
4
0
2
0.23911830357143
0
0.19424293154762
0
0.40652901785714
0
0.17261904761905
0
0.69349888392857
0.10523623511905
0
0
0
0
0
0
0
0
0
0
0
0
0
0
0
0
0
0
0
0
0
0
1
0.5
36
32
4
0
2
0.80994233630952
0
0
0
0
0
0.6977771577381
0
0
0
0
0.78887648809524
0
0
0
0
0
0
0.84198288690476
0
0
0
0
0
0.95335751488095
0
0
0
0
0
0
0
1
0.5
36
12
4
0
2
0
0
0
0
0.52845982142857
0
0
0
0.054268973214286
0
0.09867931547619
0.27822730654762
0
0
0
0
0.64485677083333
0
0
0
0.64629836309524
0
0
0
0.76204427083333
0
0
0
0
0
0
0
1
0.5
36
8
4
0
2
0
0
0
0
0.90848214285714
0
0
0
0
0
0
0
0
0
0
0
0
0
0
0
0
0
0
0
0
0
0
0
0
0
0
0
1
0.5
36
24
4
0
2
0.44177827380952
0
0
0
0.26399739583333
0
0.53576078869048
0
0.54064360119048
0
0.0986328125
0
0.28501674107143
0
0.30975632440476
0
0.50069754464286
0.29013206845238
0.53306361607143
0
0
0
0.50716145833333
0
0.74469866071429
0
0
0.66634114583333
0
0
0.76897321428571
0
1
0.5
36
10
4
0
2
0.23911830357143
0
0.19424293154762
0
0.40652901785714
0
0.17261904761905
0
0.69349888392857
0.10523623511905
0
0
0
0
0
0
0
0
0
0
0
0
0
0
0
0
0
0
0
0
0
0
1
0.5
36
32
4
0
2
0.80994233630952
0
0
0
0
0
0.6977771577381
0
0
0
0
0.78887648809524
0
0
0
0
0
0
0.84198288690476
0
0
0
0
0
0.95335751488095
0
0
0
0
0
0
0
1
0.5
36
12
4
0
2
0
0
0
0
0.52845982142857
0
0
0
0.054268973214286
0
0.09867931547619
0.27822730654762
0
0
0
0
0.64485677083333
0
0
0
0.64629836309524
0
0
0
0.76204427083333
0
0
0
0
0
0
0
1
0.5
36
8
4
0
2
0
0
0
0
0.90848214285714
0
0
0
0
0
0
0
0
0
0
0
0
0
0
0
0
0
0
0
0
0
0
0
0
0
0
0
1
0.5
36
24
4
0
2
0.44177827380952
0
0
0
0.26399739583333
0
0.53576078869048
0
0.54064360119048
0
0.0986328125
0
0.28501674107143
0
0.30975632440476
0
0.50069754464286
0.29013206845238
0.53306361607143
0
0
0
0.50716145833333
0
0.74469866071429
0
0
0.66634114583333
0
0
0.76897321428571
0
1
0.5
36
10
4
0
2
0.23911830357143
0
0.19424293154762
0
0.40652901785714
0
0.17261904761905
0
0.69349888392857
0.10523623511905
0
0
0
0
0
0
0
0
0
0
0
0
0
0
0
0
0
0
0
0
0
0
1
0.5
36
32
4
0
2
0.80994233630952
0
0
0
0
0
0.6977771577381
0
0
0
0
0.78887648809524
0
0
0
0
0
0
0.84198288690476
0
0
0
0
0
0.95335751488095
0
0
0
0
0
0
0
1
0.5
36
12
4
0
2
0
0
0
0
0.52845982142857
0
0
0
0.054268973214286
0
0.09867931547619
0.27822730654762
0
0
0
0
0.64485677083333
0
0
0
0.64629836309524
0
0
0
0.76204427083333
0
0
0
0
0
0
0
1
0.5
36
8
4
0
2
0
0
0
0
0.90848214285714
0
0
0
0
0
0
0
0
0
0
0
0
0
0
0
0
0
0
0
0
0
0
0
0
0
0
0
1
0.5
36
24
4
0
2
0.44177827380952
0
0
0
0.26399739583333
0
0.53576078869048
0
0.54064360119048
0
0.0986328125
0
0.28501674107143
0
0.30975632440476
0
0.50069754464286
0.29013206845238
0.53306361607143
0
0
0
0.50716145833333
0
0.74469866071429
0
0
0.66634114583333
0
0
0.76897321428571
0
1
0.5
36
10
4
0
2
0.23911830357143
0
0.19424293154762
0
0.40652901785714
0
0.17261904761905
0
0.69349888392857
0.10523623511905
0
0
0
0
0
0
0
0
0
0
0
0
0
0
0
0
0
0
0
0
0
0
1
0.5
36
32
4
0
2
0.80994233630952
0
0
0
0
0
0.6977771577381
0
0
0
0
0.78887648809524
0
0
0
0
0
0
0.84198288690476
0
0
0
0
0
0.95335751488095
0
0
0
0
0
0
0
1
0.5
36
12
4
0
2
0
0
0
0
0.52845982142857
0
0
0
0.054268973214286
0
0.09867931547619
0.27822730654762
0
0
0
0
0.64485677083333
0
0
0
0.64629836309524
0
0
0
0.76204427083333
0
0
0
0
0
0
0
1
0.5
36
8
4
0
2
0
0
0
0
0.90848214285714
0
0
0
0
0
0
0
0
0
0
0
0
0
0
0
0
0
0
0
0
0
0
0
0
0
0
0
1
0.5
36
24
4
0
2
0.44177827380952
0
0
0
0.26399739583333
0
0.53576078869048
0
0.54064360119048
0
0.0986328125
0
0.28501674107143
0
0.30975632440476
0
0.50069754464286
0.29013206845238
0.53306361607143
0
0
0
0.50716145833333
0
0.74469866071429
0
0
0.66634114583333
0
0
0.76897321428571
0
1
0.5
36
10
4
0
2
0.23911830357143
0
0.19424293154762
0
0.40652901785714
0
0.17261904761905
0
0.69349888392857
0.10523623511905
0
0
0
0
0
0
0
0
0
0
0
0
0
0
0
0
0
0
0
0
0
0
*** END INSTRUMENT DOC ***
