SC DrumSynth Doc v1.3
Template Version v1.2
LNX_DrumSynth
More 4 4
134
0
0
1
2.6062154400556
2
24
1.22138671875
0.3745205078125
0.59296875
0.60685546875
2.7564453125
0
0
0
0
0
0
0
0
0
0
0
11
60
0
127
0
1
0
0
0
0
0
0
0
0
0
0
-1
-1
-1
-1
-1
-inf
-inf
-inf
-inf
-inf
0
0
0
0
0
0
0
0
0
0
0
0
0
0
0
1
1
1
1
1
48
0
1.70702734375
0
0.59603515625
0.99
0.4843359375
0.842908203125
0.5079296875
0
0
0
0
0
0.4779140625
0
0.40310546875
0
2.875025
0
0.761484375
0
48
0
0.7
0
1.7970703125
0
-1.36125
0
0.57845703125
0
1.02653515625
0
0.7867578125
0
0.8200390625
0
0.855923828125
0
0
0
0.5
0
1
0
0.4
0
1
0
1
0
0
1
1
1
1
1
-3.5569705167968
-2.498774732166
6
3.7668599579533
-2.498774732166
0
0.74558987202778
-1
-inf
1
0
1
0
*** MIDI Control Doc v1.2
0
0
*** End MIDI Control Doc ***
5
7
1
0.5
36
32
4
0
2
1
0
0
0
1
0
0
0
1
0
0
0
1
0
0
0
0.96428571428571
0
0
0
0.96428571428571
0
0
0
1
0
0
0
1
0
0
0
1
0.5
36
32
4
0
2
0
0
0
0
1
0
0
0
0
0
0
0
1
0
0
0
0
0
0
0
1
0
0
0
0
0
0
0
1
0
0
0
1
0.5
36
32
4
0
2
0
0
0
0
0
0
0.98721168154762
0
0
0
0
0.958984375
0
0
1
0.4350353422619
0.8901134672619
0.51753162202381
0.89285714285714
0.59951636904762
1
0
1
0
0
0
0
0
0
0
0
0
1
0.5
36
32
4
0
2
0
0
0
0
0
0
0
0
0
0
0
0.49111793154762
0
0
1
0
0
0
0.91861979166667
0
0
0
0.98046875
0
0
1
1
0
0
0
0
0
1
0.5
36
32
4
0
2
0.57142857142857
0
0.55952380952381
0
0.58333333333333
0
0.55952380952381
0
0.54761904761905
0
0.55952380952381
0
0.60714285714286
0
0.55952380952381
0
0.54761904761905
0
0.55952380952381
0
0.55952380952381
0
0.53571428571429
0
0.58333333333333
0
0.51190476190476
0
0.5952380952381
0
0.58333333333333
0
*** END INSTRUMENT DOC ***
