SC DrumSynth Doc v1.3
Template Version v1.2
LNX_DrumSynth
Mousey2
134
0
0
1
2.8555927376863
0
36
1.135205078125
0.1037162109375
0.4896484375
0.053984375
8.8646484375
0.56521484375
0.4767578125
0
0.16185267857143
0
0
0
0
0
0
0
12
60
0
127
0
1
0
0
0
0
0
0
0
0
0
0
-1
-1
-1
-1
-1
-inf
-inf
-inf
-inf
-inf
0
0
0
0
0
0
1
1
0
1
1
0
0
1
0.656015625
1
1
1
1
1
48
0
1.3666953125
0
0.5
0.99
0.312109375
0.491654296875
0.616640625
0
0
0
0
0
1.346806640625
0
0.4250078125
0
2.4139630859375
0
0.8613671875
0
49
0.26236607142857
1.123009765625
0
3.8904296875
0
0.6334375
0
0.3
0
0.720640625
0
0.2996875
0
1.47859375
0
0.8934765625
0.154375
-12.5572265625
0
0.5
0
0.91185546875
0
0.3761875
0
0.806884765625
0
1
0
0
1
1
1
1
1
6
0
2.046946015434
6
-4.8607759262177
0
0.7
-1
-inf
1
0
1
0
*** MIDI Control Doc v1.2
0
0
*** End MIDI Control Doc ***
5
7
1
0.5
36
32
4
0
2
1
0
0
0
0
0
0.52069481382979
0
0
0
0
0.19315159574468
0
0.65134640957447
0
0
0
0
0
0
0.20586768617021
0
0.62267287234043
0
0
0
0.99667553191489
0
0
0
0
0
1
0.5
36
32
4
0
2
0
0
0
0
1
0
0
0
0
0
0
0
0.99709109042553
0
0
0
1
0
0
0
1
0
0
0
0
0
0
0
0.99384973404255
0
0
0
1
0.5
36
32
4
0
2
0
0
0
0
0
0
0
0
1
0
0
0
0
0
0
0
0
0
0
0
0
0
0
0
1
0
0
0
0
0
0
0
1
0.5
36
32
4
0
2
0
0
0
0
0.24688331117021
0
0
0
0
0
0.46056349734043
0
0
0
0
0
0.52077792553191
0
0
0
0
0
0
0
0
0
0
0
0.39507147606383
0
0
0
1
0.5
36
6
4
0
2
0.2040392287234
1
0.18957779255319
0.13838098404255
0.18895445478723
0.54355053191489
0
0
0
0
0
0
0
0
0
0
0
0
0
0
0
0
0
0
0
0
0
0
0
0
0
0
*** END INSTRUMENT DOC ***
