SC DrumSynth Doc v1.3
Template Version v1.2
LNX_DrumSynth
Mousey
134
0
0
1
0
3
36
1.32958984375
0.0785
0.735390625
0.27048828125
1.3
0
0
0
0
0
0
0
0
0
0
0
12
60
0
127
0
1
0
0
0
0
0
0
0
0
0
0
-1
-1
-1
-1
-1
-inf
-inf
-inf
-inf
-inf
0
0
0
0
0
0
0
0
0
0
0
0
0
0.94892578125
0.656015625
1
1
1
1
1
48
0
1.569865234375
0
0.5
0.99
0.312109375
0.491654296875
0.616640625
0
0
0
0
0
1.494029296875
0
0.4250078125
0
2.4139630859375
0
0.8613671875
0
49
0.26236607142857
1.123009765625
0
2.708984375
0
0
0
0.3
0
0.5
0
0.5
0
0.2
0
0.810373046875
0.154375
-15.9802734375
0
0.5
0
0.8676953125
0
0.14475
0
1
0
1
0
0
1
1
1
1
1
2.6626185349798
0
2.046946015434
6
1.5904606687002
0
0.7
-1
-inf
1
0
1
0
*** MIDI Control Doc v1.2
0
0
*** End MIDI Control Doc ***
5
7
1
0.5
36
32
4
0
2
1
0
0
0
0
0
0.93201462765957
0
0
0
0
0
0
0.69988364361702
0
0
0
0
0
0
0.96351396276596
0
0
0
0
0
0.99667553191489
0
0
0
0
0
1
0.5
36
32
4
0
2
0
0
0
0
1
0
0
0
0
0
0
0
0.99709109042553
0
0
0
1
0
0
0
1
0
0
0
0
0
0
0
0.99384973404255
0
0
0
1
0.5
36
32
4
0
2
0
0
0
0
0
0
0
0
1
0
0
0
0
0
0
0
0
0
0
0
0
0
0
0
1
0
0
0
0
0
0
0
1
0.5
36
32
4
0
2
0
0
0
0
0
0
0
0
0
0
0.28615359042553
0
0
0
0.23990192819149
0
0
0
0.59694980053191
0
0
0
0.96301529255319
0
0
0
0
0
0
0
0
0
1
0.5
36
3
4
0
2
0.2040392287234
0.90487865691489
0.18957779255319
0
0
0
0
0
0
0
0
0
0
0
0
0
0
0
0
0
0
0
0
0
0
0
0
0
0
0
0
0
*** END INSTRUMENT DOC ***
