SC DrumSynth Doc v1.4
Template Version v1.2
LNX_DrumSynth
best 2
135
0
0
1
0
1
30
1.6
0.0785
0.72
0.135
1.3
0
0
0
0
0
0
0
0
0
0
0
12
60
0
127
0
1
0
0
0
0
0
0
0
0
0
0
-1
-1
-1
-1
-1
-inf
-inf
-inf
-inf
-inf
0
0
0
0
0
0
0
0
0
0
0
0
0
0
0
1
1
1
1
1
44
0
1
0
0.5
0.99
0.9
1
1
0
0
0
0
0
1.52275
0
1.5
0
1.8120265625
0
0.1676171875
0
40
0
0.7
0
0.5
0
0
0
0.3
0
0.5
0
0.5
0
0.2
0
0.6107265625
0.060691964285714
0
0
0.5
0
1
0
0.4
0
1
0
1
0
0
1
1
1
1
1
0
0
2.6932541456511
0
-2.4355723524458
0
0.7
-1
-inf
0
0
0
0
0
*** MIDI Control Doc v1.2
0
0
*** End MIDI Control Doc ***
5
7
1
0.5
36
32
4
0
2
1
0
0
0
1
0
0
0
1
0
0
0
1
0
0
0
1
0
0
0
0.96413730053191
0
0
0
1
0
1
0
0
0
1
0
1
0.5
36
32
4
0
2
0
0
0
0
1
0
0
1
0
0
0
0
0
0
0
0
1
0
0
0
0
0
0
1
0
0
0
0
0
0
0
0
1
0.5
36
32
4
0
2
0
0
0
0
0
0
0
0
0
0
0
0
1
0
0
0
0
0
0
0
0
0
0
0
0
0
0
0
1
0
0
0
1
0.5
36
32
4
0
2
0
0
0
0
0
0
0
0
0
0
0
0
0
0
0
0
0
0
0
0
0
0
0
0
0
0
0
0
0
0
0
0
1
0.5
36
2
4
0
2
0.98283743351064
0.25361535904255
0
0
0
0
0
0
0
0
0
0
0
0
0
0
0
0
0
0
0
0
0
0
0
0
0
0
0
0
0
0
*** END INSTRUMENT DOC ***
