SC DrumSynth Doc v1.2
Template Version v1.1
LNX_DrumSynth
4 by 4
130
0
0
1
1.08125
2
30
1.6
0.0785
0.72
0.135
1.3
0
0
0
0
0
0
0
0
0
0
0
11
60
0
127
0
1
0
0
0
0
0
0
0.52
-0.52
0
0
2
2
2
2
2
0
0.385
0
0
0
0
0
0
0
0
0
0
0
0
0
0
0
0
0
0
1
1
1
1
1
44
0
1
0
0.5
0.99
0.9
1
1
0
0
0
0
0
1.4505
0
1.5
0
2.9
0
0
0
40
0
0.7
0
0.5
0
0
0
0.3
0
0.5
0
0.5
0
0.2
0
0.7
0
0
0
0.5
0
1
0
0.4
0
1
0
0.6139
0
0
1
1
1
1
1
0.75
0.75
0.63636363636364
0.75
0.75
1
0
1
0
*** MIDI Control Doc v1.1
0
*** End MIDI Control Doc ***
5
7
1
0.5
36
32
4
0
2
1
0
0
0
1
0
0
0
1
0
0
0
1
0
0
0
0.96428571428571
0
0
1
0
0
0.96428571428571
0
1
0
0
1
0
0
0.98809523809524
0
1
0.5
36
32
4
0
2
0
0
0
0
1
0
0
0
0
0
0
0
1
0
0
0
0
0
0
0
1
0
0
0
0
0
0
0
1
0
0
0
1
0.5
36
8
4
0
2
0
0
0
0
0.70238095238095
0
0
0
0
0
0
0
0
0
0
0
0
0
0
0
0
0
0
0
0
0
0
0
0
0
0
0
1
0.5
36
32
4
0
2
0
0
0
0
0
0
0
0
0
0
0
0
0
0
0
0
0
0
0
0
0
0
0
0
0
0
0
0
0
0
0
0
1
0.5
36
32
4
0
2
0.57142857142857
0
0.55952380952381
0
0.58333333333333
0
0.55952380952381
0
0.54761904761905
0
0.55952380952381
0
0.60714285714286
0
0.55952380952381
0
0.54761904761905
0
0.55952380952381
0
0.55952380952381
0
0.53571428571429
0
0.58333333333333
0
0.51190476190476
0
0.5952380952381
0
0.58333333333333
0
*** END INSTRUMENT DOC ***
