SC BumNote2 Doc v1.4
Template Version v1.2
LNX_BumNote2
__aa__
71
0
0
1
-1.5121166451009
0.87373278125
0.267734375
0
1.8030826108042
0.278046875
0
65.852734375
7.1171875
11
60
-36
-0.134765625
-36
0.2393359375
-9.7186382000248
-0.3369921875
0
0.01
4
1
0.074185310204499
0.001
0.2992576171875
0
0
127
0
2
-inf
0.0894921875
0
1
1
-5.6183322238596
1
0
-5.30556640625
0
1
-10.90203530993
0
0.41110409007353
33.301302083333
0.76187109375
0
17.9609375
0
0
0.001
0.8
-4
0
0
1
0
0
81
1
1
2
0
4.0602678799048
1
2
0
1
1
0
1
0
1
0
*** MIDI Control Doc v1.1
0
*** End MIDI Control Doc ***
6
LNX StepSequencer Doc v1.1
9
32
0
1
0.5
36
16
4
0
4
1
1
1
0
1
0
0
1
0
0
1
0
1
0
1
0
0
1
1
0
0
0
0
0
0
0
1
0
0
0
0
0
0
0
*** END OBJECT DOC ***
LNX StepSequencer Doc v1.1
9
32
0
1
0.5
36
2
4
0
4
1
1
1
1
0
0
0
0
0
1
0
0
0
0
0
0
0
1
0
0
0
0
0
0
0
1
0
0
0
0
0
0
0
1
*** END OBJECT DOC ***
LNX StepSequencer Doc v1.1
9
32
0
1
0.5
36
32
4
0
1
1
1
0
0
1
0
0
0
1
0
0
0
0
0
0
0
0
0
1
0
1
0
1
0
1
0
1
0
1
0
0
0
0
0
*** END OBJECT DOC ***
LNX StepSequencer Doc v1.1
9
32
0
1
0.5
36
5
4
0
8
1
1
76
86
83
85
81
-1
-1
-1
79
-1
-1
-1
-1
-1
-1
-1
72
-1
-1
-1
-1
-1
-1
-1
74
-1
-1
-1
-1
-1
-1
-1
*** END OBJECT DOC ***
LNX StepSequencer Doc v1.1
9
32
0
1
0.5
36
5
4
0
8
1
1
0
0
1
1
0
0
0
0
0
0
0
0
0
0
0
0
0
0
0
0
0
0
0
0
0
0
0
0
0
0
0
0
*** END OBJECT DOC ***
LNX StepSequencer Doc v1.1
9
32
0
1
0.5
36
5
4
0
8
1
1
0
0
0
0
0
0
0
0
0
0
0
0
0
0
0
0
0
0
0
0
0
0
0
0
0
0
0
0
0
0
0
0
*** END OBJECT DOC ***
*** END INSTRUMENT DOC ***
