SC BumNote2 Doc v1.6
Template Version v1.2
LNX_BumNote2
>>:D
75
0
0
1
-3.5002520230826
0.89920046507937
0.67296875
0
12.965027357172
0.55515625
0
58.512794384058
50
11
60
-12
-0.074765625
-12
0.11890625
-inf
-0.3369921875
0
0.01
4
1
1.4561847387786
0.001
0.4220748046875
-0.0269921875
0
127
0
-1
-inf
0
0
1
1
-37.563237529594
1
0
-1.32197265625
1
1
-9.9715905577637
0
0.41110409007353
17.564192708333
0.84738411678673
0
29.94921875
0
0
0.001
0.8
-4
0
0
1
0
1
48
1
0
2
0
2.3732941159587
1
2
1
0
1
0
0
8
1
1
0
0
1
0
*** MIDI Control Doc v1.2
0
0
*** End MIDI Control Doc ***
6
LNX StepSequencer Doc v1.1
9
32
0
1
0.5
36
1
4
0
4
1
1
1
0
1
0
0
1
0
0
1
0
1
0
1
0
0
1
1
0
0
0
0
0
0
0
1
0
0
0
0
0
0
0
*** END OBJECT DOC ***
LNX StepSequencer Doc v1.1
9
32
0
1
0.5
36
1
4
0
4
1
1
0
1
0
0
0
0
0
1
0
0
0
0
0
0
0
1
0
0
0
0
0
0
0
1
0
0
0
0
0
0
0
1
*** END OBJECT DOC ***
LNX StepSequencer Doc v1.1
9
32
0
1
0.5
36
32
4
0
1
1
1
0
0
1
0
0
0
1
0
0
0
0
0
0
0
0
0
1
0
1
0
1
0
1
0
1
0
1
0
0
0
0
0
*** END OBJECT DOC ***
LNX StepSequencer Doc v1.1
9
32
0
1
0.5
36
5
4
0
8
1
1
44
61
45
46
48
-1
-1
-1
79
-1
-1
-1
-1
-1
-1
-1
72
-1
-1
-1
-1
-1
-1
-1
74
-1
-1
-1
-1
-1
-1
-1
*** END OBJECT DOC ***
LNX StepSequencer Doc v1.1
9
32
0
1
0.5
36
5
4
0
8
1
1
0
0
1
1
0
0
0
0
0
0
0
0
0
0
0
0
0
0
0
0
0
0
0
0
0
0
0
0
0
0
0
0
*** END OBJECT DOC ***
LNX StepSequencer Doc v1.1
9
32
0
1
0.5
36
5
4
0
8
1
1
0
0
0
0
0
0
0
0
0
0
0
0
0
0
0
0
0
0
0
0
0
0
0
0
0
0
0
0
0
0
0
0
*** END OBJECT DOC ***
LNX PRSeq DOC v1.2
0
LNX Score DOC v1.4
27
0
64
10.3125
15
0
1017
1
16
1
49
6
1
1
46
12
1
1
49
14
1
1
44
16
1
1
49
18
1
1
45
20
1
1
46
24
1
1
48
26
1
1
44
28
1
1
61
30
6
1
49
36
1
1
49
38
1
1
49
40
1
1
49
42
1
1
49
44
1
1
44
48
1
1
49
50
1
1
45
52
1
1
49
54
1
1
48
56
1
1
44
60
1
1
49
62
1
1
46
0
1
0.4339878913853
49
2
1
1
45
4
1
1
46
8
1
1
45
46
1
0.78740157480315
*** END Score DOC ***
*** END PRSeq DOC ***
*** END INSTRUMENT DOC ***
