SC BumNote2 Doc v1.6
Template Version v1.2
LNX_BumNote2
Bum Note 2
75
0
0
1
2.2275167673577
0.827948296875
0.1933984375
0
6.196249633853
0.1772265625
0
2.376171875
-6.697265625
11
60
12
0.1581640625
-12
0
-2.9929168472599
0.2
0.2
0.01
4
1
1.7404512362045
1.1648671875
0.72
0
0
127
0
-1
-4.8038088452945
0.57884765625
0
1
1
-inf
1
0
-10
0
1
-6.3049927328487
0
0.7
43.909505208333
0
0
13.19921875
0
0
0.001
0.8
-4
0
1
1
0
1
54
0
0.81630859375
0
0
3.5120962248387
1
4
0
1
0
1
1
8
1
1
1
0
1
0
*** MIDI Control Doc v1.2
0
0
*** End MIDI Control Doc ***
6
LNX StepSequencer Doc v1.1
9
32
0
1
0.5
36
32
4
0
2
1
1
0
0
0
0
0
0
0
0
0
0
0
0
0
0
0
0
0
0
0
0
0
0
0
0
0
0
0
0
0
0
0
0
*** END OBJECT DOC ***
LNX StepSequencer Doc v1.1
9
32
0
1
0.5
36
32
4
0
2
1
1
0
0
0
0
0
0
0
0
0
0
0
0
0
0
0
0
0
0
0
0
0
0
0
0
0
0
0
0
0
0
0
0
*** END OBJECT DOC ***
LNX StepSequencer Doc v1.1
9
32
0
1
0.5
36
32
4
0
2
1
1
0
0
0
0
0
0
0
0
0
0
0
0
0
0
0
0
0
0
0
0
0
0
0
0
0
0
0
0
0
0
0
0
*** END OBJECT DOC ***
LNX StepSequencer Doc v1.1
9
32
0
1
0.5
36
32
4
0
2
1
1
-1
-1
-1
-1
-1
-1
-1
-1
-1
-1
-1
-1
-1
-1
-1
-1
-1
-1
-1
-1
-1
-1
-1
-1
-1
-1
-1
-1
-1
-1
-1
-1
*** END OBJECT DOC ***
LNX StepSequencer Doc v1.1
9
32
0
1
0.5
36
32
4
0
2
1
1
0
0
0
0
0
0
0
0
0
0
0
0
0
0
0
0
0
0
0
0
0
0
0
0
0
0
0
0
0
0
0
0
*** END OBJECT DOC ***
LNX StepSequencer Doc v1.1
9
32
0
1
0.5
36
32
4
0
2
1
1
0
0
0
0
0
0
0
0
0
0
0
0
0
0
0
0
0
0
0
0
0
0
0
0
0
0
0
0
0
0
0
0
*** END OBJECT DOC ***
LNX PRSeq DOC v1.2
0
LNX Score DOC v1.4
74
0
999
0.66066066066066
15
0
948
1
16
2
59
5.9777398175954
17.652302972787
0.78740157480315
61
23.179548257983
17.816006659587
0.78740157480315
47
0
41.00015725437
0.78740157480315
51
41.06745895277
25.628326159182
0.78740157480315
40
0.16114446759949
68.74658548475
0.78740157480315
58
40.67923928477
31.317080066377
0.78740157480315
56
75.308981889145
17.662087218787
0.78740157480315
61
90.470978905934
14.414475240389
0.78740157480315
37
70.982914363948
36.711238942773
0.78740157480315
52
70.448259758749
38.158947777972
0.78740157480315
63
102.71637447952
28.75808472078
0.78740157480315
54
130.72867436551
8.5437417543937
0.78740157480315
40
110.78173557232
53.507018787561
0.78740157480315
47
110.67223652832
81.244879683541
0.78740157480315
58
164.73287583148
27.188449389581
0.78740157480315
56
138.6676792635
53.257890331561
0.78740157480315
51
191.91051137546
17.939234017187
0.78740157480315
39
191.90026094706
18.651071403986
0.78740157480315
61
209.93811840305
23.183237089983
0.78740157480315
59
232.96218342263
12.406080188391
0.78740157480315
54
213.62437567264
41.29389898517
0.78740157480315
37
213.23494180705
41.806419199969
0.78740157480315
63
244.58855208342
13.18532442959
0.78740157480315
49
258.28108266061
16.482121236388
0.78740157480315
58
257.39231446181
17.666968453586
0.78740157480315
47
276.1097127506
21.945819849184
0.78740157480315
56
275.7953902518
22.722560144783
0.78740157480315
40
257.98684389981
40.98981507437
0.78740157480315
61
301.11452092498
13.32022231839
0.78740157480315
37
300.66698802898
30.863789847178
0.78740157480315
54
301.27256836898
32.399624783176
0.78740157480315
63
314.14043032137
28.21567772638
0.78740157480315
51
333.39101844656
24.837122580382
0.78740157480315
58
341.51928953495
19.945829926386
0.78740157480315
40
333.82492375976
41.181098990369
0.78740157480315
59
392.68090400411
9.9388292023926
0.78740157480315
58
401.57740560891
9.3748078567928
0.78740157480315
39
374.96006912733
50.472873691563
0.78740157480315
47
356.97299902014
70.398532314348
0.78740157480315
56
409.5992140949
17.789747200787
0.78740157480315
52
452.06741555167
11.661594191192
0.78740157480315
44
427.33128029489
72.698684785947
0.78740157480315
54
465.87743600766
34.158624790775
0.78740157480315
37
427.37798331289
76.428568087545
0.78740157480315
42
499.99010551044
3.9671938515974
0.78740157480315
44
504.57635070083
23.296752964383
0.78740157480315
39
527.32135090602
36.070013285573
0.78740157480315
47
504.27479297203
59.736623352756
0.78740157480315
56
565.04363360079
13.72088817879
0.78740157480315
58
577.84999800598
15.970780259188
0.78740157480315
59
591.76770770037
14.291202618789
0.78740157480315
35
564.53538777039
44.223598863967
0.78740157480315
40
611.77670042915
32.922451702777
0.78740157480315
49
610.38101592876
35.485175421975
0.78740157480315
54
605.30238029836
40.573500970771
0.78740157480315
58
645.77167005393
11.929854313991
0.78740157480315
59
656.57831251392
9.9372718171926
0.78740157480315
52
649.38834201953
30.950684270378
0.78740157480315
35
647.76762871153
32.732173171976
0.78740157480315
61
665.31389880472
16.458160885188
0.78740157480315
40
684.3487733615
16.142891043988
0.78740157480315
56
681.1090070235
36.328089523573
0.78740157480315
39
700.48353800869
18.249468587987
0.78740157480315
49
683.1726397311
36.026354584374
0.78740157480315
61
722.36808374187
15.334707475988
0.78740157480315
52
722.03691385347
30.389982772377
0.78740157480315
35
720.92947392747
32.158284062777
0.78740157480315
63
737.09182597066
16.676779997588
0.78740157480315
56
753.46103944345
37.401513930773
0.78740157480315
49
790.84853268462
30.657634710778
0.78740157480315
37
790.85727711902
30.755896019178
0.78740157480315
54
821.4665716166
0.46587859759927
0.78740157480315
35
822.8624817838
152.06247772949
0.78740157480315
47
927.02553562772
48.358801698766
0.78740157480315
*** END Score DOC ***
*** END PRSeq DOC ***
*** END INSTRUMENT DOC ***
