SC BumNote2 Doc v1.4
Template Version v1.2
LNX_BumNote2
Bum Note 2
71
0
0
1
0
0.62606489658356
-0.96082031726837
0
0.9496391415596
0.21630859375
0
19.993228912354
-1.96484375
11
61
0
0.15355469286442
7
0.16855469346046
-inf
0.66761720180511
0.2
0.01
4
1
0.021951770409942
0.36662501096725
0.40728554129601
0
0
127
0
2
-12.5631275177
0
0
1
1
-17.089490890503
1
0
-5.0621094703674
0
1
0
0
0.7
47.743488311768
0.67829787731171
-0.49277344346046
0
0.012617187574506
0.49205076694489
0.91935938596725
1.5125111341476
-0.64375001192093
0
1
1.5239166021347
2
0
53
0
0.98154294490814
4
0
4.4678406715393
1
0
0
1
1
0
1
0
1
0
*** MIDI Control Doc v1.1
0
*** End MIDI Control Doc ***
6
LNX StepSequencer Doc v1.1
9
32
0
1
0.5
36
32
4
0
2
1
1
0
0
0
0
0
1
0
0
0
0
0
0
0
0
0
0
0
0
0
0
0
0
0
0
0
0
1
0
0
0
0
0
*** END OBJECT DOC ***
LNX StepSequencer Doc v1.1
9
32
0
1
0.5
36
32
4
0
2
1
1
0
0
0
0
0
0
0
1
0
0
0
0
0
0
0
0
0
0
0
0
0
0
0
0
1
0
0
0
0
0
0
0
*** END OBJECT DOC ***
LNX StepSequencer Doc v1.1
9
32
0
1
0.5
36
32
4
0
2
1
1
0
0
0
0
0
0
0
0
1
0
0
0
0
0
0
0
0
0
0
0
0
0
0
0
0
1
0
0
0
0
0
0
*** END OBJECT DOC ***
LNX StepSequencer Doc v1.1
9
32
0
1
0.5
36
32
3
0
6
1
1
38
40
80
80
74
68
58
46
24
24
24
25
34
40
45
40
56
59
60
60
60
60
60
17
31
56
54
49
45
40
31
9
*** END OBJECT DOC ***
LNX StepSequencer Doc v1.1
9
32
0
1
0.5
36
32
3
0
6
1
1
0
0
0
0
0
0
0
0
0
0
0
0
0
0
0
0
0
0
0
0
0
0
0
0
0
0
0
0
0
0
0
0
*** END OBJECT DOC ***
LNX StepSequencer Doc v1.1
9
32
0
1
0.5
36
32
3
0
6
1
1
0.47480970621109
0.47480970621109
0.47480970621109
0
0
0
0.5502804517746
0.57246595621109
0.5991336107254
0.62580126523972
0.63912260532379
0.63912260532379
0.36293068528175
0.55473756790161
0
0.46814903616905
0.44816705584526
0.42147436738014
0.42147436738014
0.42147436738014
0.1897035241127
0.51477366685867
0
0.70127201080322
0.74569308757782
0
0.59915864467621
0.42147436738014
0.32822516560555
0
0.19501201808453
0.15850360691547
*** END OBJECT DOC ***
*** END INSTRUMENT DOC ***
