SC BumNote2 Doc v1.6
Template Version v1.2
LNX_BumNote2
aggressive synth
80
0
0
1
-1.1102225523035
0.91956600904948
0.017890625
0
2.2811010858756
0
-4.0605915411743
55.7638671875
29.30078125
11
60
0
0
12
0
-inf
-0.3434375
0.85236328125
0.01
4
1
0.5813179472189
0.001
0.789825
0
0
127
0
-1
-51.011627069493
0.14490234375
0
1
1
-16.622157045989
1
0
-4
0
0
-4.2099687990123
0
0.68933823529412
40.787109375
0.90604541015625
0
30.193359375
-1
0
0.001
0.8
-4
0
1
1
5
0
40
1
0.35876953125
2
0
1
1
0
0
0
0
0
0
8
1
1
0
2
0
2
0
0
0
1
0
*** MIDI Control Doc v1.2
0
0
*** End MIDI Control Doc ***
6
LNX StepSequencer Doc v1.1
9
32
0
1
0.5
36
8
4
0
8
1
1
1
0
1
0
1
0
1
0
0
0
0
0
0
0
0
0
0
0
0
0
0
0
0
0
0
0
0
0
0
0
0
0
*** END OBJECT DOC ***
LNX StepSequencer Doc v1.1
9
32
0
1
0.5
36
8
4
0
8
1
1
1
0
0
1
1
0
1
0
0
0
0
0
0
0
0
0
0
0
0
0
0
0
0
0
0
0
0
0
0
0
0
0
*** END OBJECT DOC ***
LNX StepSequencer Doc v1.1
9
32
0
1
0.5
36
32
4
0
8
1
1
0
0
0
0
0
0
0
0
0
0
0
0
0
0
0
0
0
0
0
0
0
0
0
0
0
0
0
0
0
0
0
0
*** END OBJECT DOC ***
LNX StepSequencer Doc v1.1
9
32
0
1
0.5
36
16
4
0
8
1
1
28
28
40
40
28
28
40
40
29
29
41
41
29
29
41
53
29
29
41
41
29
29
41
41
29
29
41
41
29
29
41
41
*** END OBJECT DOC ***
LNX StepSequencer Doc v1.1
9
32
0
1
0.5
36
16
4
0
8
1
1
1
0
1
0
1
0
1
0
1
0
1
0
1
0
1
0
1
0
1
0
1
0
1
0
1
0
1
0
1
0
1
0
*** END OBJECT DOC ***
LNX StepSequencer Doc v1.1
9
32
0
1
0.5
36
16
4
0
8
1
1
0
0
0
0
0
0
0
0
0
0
0
0
0
0
0
0
0
0
0
0
0
0
0
0
0
0
0
0
0
0
0
0
*** END OBJECT DOC ***
LNX PRSeq DOC v1.2
0
LNX Score DOC v1.4
0
0
64
22
15
0
0
1
16
1
*** END Score DOC ***
*** END PRSeq DOC ***
*** END INSTRUMENT DOC ***
