SC BumNote2 Doc v1.4
Template Version v1.2
LNX_BumNote2
beach ACID
71
0
0
1
3.6393025521849
0.96698609583333
0.5043359375
0
0.585171875
0
-23.325542148554
39.86328125
0.392578125
11
60
-12
0.00039062499999987
0
0.0146484375
-21.105056925459
0.0086328124999999
0.5076953125
0.00628767578125
0.528671875
0.10640625
0.27249038242687
0
1.4478806640625
-0.1509375
0
127
0
6
-inf
0.24509765625
0.0201171875
1
1
0
1
0
-6.09765625
0
0
-12.057493508488
1
0.66762408088235
2.960546875
0.92223974609375
0.5581640625
14.11328125
-0.527109375
0
1.116703125
1.8564927734375
-6.04375
0.0435546875
1
1
0
0
64
0
0
0
0
1
1
0
0
0
0
0
0
0
1
0
*** MIDI Control Doc v1.1
0
*** End MIDI Control Doc ***
6
LNX StepSequencer Doc v1.1
9
32
0
1
0.5
36
32
4
0
2
1
1
1
0
1
0
1
0
1
0
1
1
0
0
0
0
1
0
1
0
1
0
1
1
0
0
1
1
0
0
1
0
0
0
*** END OBJECT DOC ***
LNX StepSequencer Doc v1.1
9
32
0
1
0.5
36
32
4
0
2
1
1
0
1
0
1
0
1
0
1
1
0
0
1
0
0
0
1
0
1
0
1
1
0
1
0
1
0
1
0
0
1
0
0
*** END OBJECT DOC ***
LNX StepSequencer Doc v1.1
9
32
0
1
0.5
36
32
4
0
2
1
1
0
0
0
0
0
0
0
0
0
0
0
0
0
0
0
0
0
0
0
0
0
0
0
0
0
0
0
0
0
0
0
0
*** END OBJECT DOC ***
LNX StepSequencer Doc v1.1
9
32
0
1
0.5
36
32
4
0
2
1
1
53
-1
62
-1
48
-1
64
-1
53
53
-1
-1
-1
-1
64
-1
48
-1
57
-1
45
45
-1
-1
57
48
-1
-1
64
-1
-1
-1
*** END OBJECT DOC ***
LNX StepSequencer Doc v1.1
9
32
0
1
0.5
36
32
4
0
2
1
1
0
0
0
0
0
0
0
0
0
0
0
0
0
0
0
0
0
0
0
0
0
0
0
0
0
0
0
0
0
0
0
0
*** END OBJECT DOC ***
LNX StepSequencer Doc v1.1
9
32
0
1
0.5
36
32
4
0
2
1
1
0
0
0
0
0
0
0
0
0
0
0
0
0
0
0
0
0
0
0
0
0
0
0
0
0
0
0
0
0
0
0
0
*** END OBJECT DOC ***
*** END INSTRUMENT DOC ***
