SC BumNote2 Doc v1.6
Template Version v1.2
LNX_BumNote2
double bass
75
0
0
1
-6.0440274947149
0.9708
0.2421875
0.1037134765625
0.674845703125
0
0.505546875
85
-9.20703125
11
60
0
0.00039062499999987
-10
0.0146484375
-inf
-1
0.24541015625
0.00628767578125
0.280703125
0.37041015625
0.97933582966647
0
0.8827345703125
-0.2105078125
0
127
0
-5
-inf
0.23474609375
0.0808984375
0
1
0
1
0
-1.16015625
0
1
0
1
0.46395335477941
41.577994791667
0.68333539803895
-0.4537890625
9.611328125
-0.456328125
0
0.001
0.8
-4
0.0625
1
1
0
1
36
0
0
0
0
1
1
0
0
0
0
0
1
3
1
1
1
0
1
0
*** MIDI Control Doc v1.1
0
*** End MIDI Control Doc ***
6
LNX StepSequencer Doc v1.1
9
32
0
1
0.5
36
32
4
0
2
1
1
0
0
0
0
0
0
0
0
0
0
0
0
0
0
0
0
0
0
0
0
0
0
0
0
0
0
0
0
0
0
0
0
*** END OBJECT DOC ***
LNX StepSequencer Doc v1.1
9
32
0
1
0.5
36
32
4
0
2
1
1
0
0
0
0
0
0
0
0
0
0
0
0
0
0
0
0
0
0
0
0
0
0
0
0
0
0
0
0
0
0
0
0
*** END OBJECT DOC ***
LNX StepSequencer Doc v1.1
9
32
0
1
0.5
36
32
4
0
2
1
1
0
0
0
0
0
0
0
0
0
0
0
0
0
0
0
0
0
0
0
0
0
0
0
0
0
0
0
0
0
0
0
0
*** END OBJECT DOC ***
LNX StepSequencer Doc v1.1
9
32
0
1
0.5
36
32
4
0
2
1
1
-1
-1
-1
-1
-1
-1
-1
-1
-1
-1
-1
-1
-1
-1
-1
-1
-1
-1
-1
-1
-1
-1
-1
-1
-1
-1
-1
-1
-1
-1
-1
-1
*** END OBJECT DOC ***
LNX StepSequencer Doc v1.1
9
32
0
1
0.5
36
32
4
0
2
1
1
0
0
0
0
0
0
0
0
0
0
0
0
0
0
0
0
0
0
0
0
0
0
0
0
0
0
0
0
0
0
0
0
*** END OBJECT DOC ***
LNX StepSequencer Doc v1.1
9
32
0
1
0.5
36
32
4
0
2
1
1
0
0
0
0
0
0
0
0
0
0
0
0
0
0
0
0
0
0
0
0
0
0
0
0
0
0
0
0
0
0
0
0
*** END OBJECT DOC ***
LNX PRSeq DOC v1.2
0
LNX Score DOC v1.4
37
0
64
14.4375
11
95
837
1
16
2
52
0
1
0.78740157480315
40
2
2
0.78740157480315
28
4
1
0.78740157480315
52
6
1
0.78740157480315
40
7
2
0.78740157480315
28
8
1
0.78740157480315
52
10
2
0.78740157480315
40
12
1
0.78740157480315
28
14
2
0.78740157480315
52
16
1
0.78740157480315
40
18
2
0.78740157480315
28
20
1
0.78740157480315
52
21
2
0.78740157480315
38
22
2
0.78740157480315
26
24
1
0.78740157480315
50
25
1
0.78740157480315
38
26
2
0.78740157480315
26
28
1
0.78740157480315
50
30
2
0.78740157480315
38
32
1
0.78740157480315
26
34
2
0.78740157480315
50
36
2
0.78740157480315
38
38
1
0.78740157480315
26
39
1
0.78740157480315
50
40
1
0.78740157480315
36
42
2
0.78740157480315
24
44
2
0.78740157480315
48
46
1
0.78740157480315
36
48
2
0.78740157480315
24
50
2
0.78740157480315
48
51
1
0.78740157480315
36
54
2
0.78740157480315
24
56
1
0.78740157480315
48
57
1
0.78740157480315
36
58
2
0.78740157480315
24
60
2
0.78740157480315
48
62
1
0.78740157480315
*** END Score DOC ***
*** END PRSeq DOC ***
*** END INSTRUMENT DOC ***
