SC BumNote2 Doc v1.4
Template Version v1.2
LNX_BumNote2
21
71
0
0
1
-3.3964812734988
0.970745
0.9388671875
0
2.5758345772837
0
-inf
41.802734375
29.2109375
11
60
0
0
0
0
-inf
0.2
1
0.01
4
1
4
0.001
2.0514287109375
0
0
127
0
2
-inf
0.3128125
0
1
1
0
1
0
0.767578125
0
1
-8.3520081900305
0
0.7
21.571484375
0.7868935546875
0
38.775390625
0
0
0.001
0.8
-4
0
1
1.4017022533364
0
0
33
0
0
4
0
1
1
0
0
0
0
0
1
0
1
0
*** MIDI Control Doc v1.1
0
*** End MIDI Control Doc ***
6
LNX StepSequencer Doc v1.1
9
32
0
1
0.5
36
32
4
0
4
1
1
1
0
0
0
0
0
0
0
1
0
0
0
0
0
0
0
1
0
0
0
0
0
0
0
0
0
0
0
0
0
0
0
*** END OBJECT DOC ***
LNX StepSequencer Doc v1.1
9
32
0
1
0.5
36
32
4
0
4
1
1
0
0
0
0
0
0
0
0
1
0
0
0
0
0
0
0
1
0
0
0
0
0
0
0
0
0
0
0
0
0
1
0
*** END OBJECT DOC ***
LNX StepSequencer Doc v1.1
9
32
0
1
0.5
36
32
4
0
4
1
1
0
0
0
0
0
0
0
0
0
0
0
0
0
0
0
0
0
0
0
0
0
0
0
0
0
0
0
0
0
0
0
0
*** END OBJECT DOC ***
LNX StepSequencer Doc v1.1
9
32
0
1
0.5
36
32
4
0
4
1
1
30
-1
-1
-1
-1
-1
-1
-1
34
-1
-1
-1
-1
-1
-1
-1
33
-1
-1
-1
-1
-1
-1
-1
-1
-1
-1
-1
-1
-1
-1
-1
*** END OBJECT DOC ***
LNX StepSequencer Doc v1.1
9
32
0
1
0.5
36
32
4
0
4
1
1
0
0
0
0
0
0
0
0
0
0
0
0
0
0
0
0
1
0
0
0
0
0
0
0
0
0
0
0
0
0
0
0
*** END OBJECT DOC ***
LNX StepSequencer Doc v1.1
9
32
0
1
0.5
36
32
4
0
4
1
1
0
0
0
0
0
0
0
0
0
0
0
0
0
0
0
0
0
0
0
0
0
0
0
0
0
0
0
0
0
0
0
0
*** END OBJECT DOC ***
*** END INSTRUMENT DOC ***
