SC BumNote2 Doc v1.6
Template Version v1.2
LNX_BumNote2
double bass
80
0
0
1
-6.0440274947149
0.6516796875
0.2421875
0.1037134765625
0.674845703125
0
0.505546875
17.2470703125
-9.20703125
11
60
0
0.00039062499999987
-10
0.0146484375
-inf
0.18984375
0.5076953125
0.00628767578125
0.280703125
0.37041015625
0.97933582966647
0
0.8827345703125
-0.2105078125
0
127
0
-5
-inf
0.23474609375
0.0808984375
0
1
0
1
0
-1.16015625
0
0
0
1
0.46395335477941
41.577994791667
0.68333539803895
-0.4537890625
9.611328125
-0.456328125
0
0.001
0.8
-4
-0.2798828125
1
1
0
1
38
0
0
0
0
1
1
0
0
0
0
0
0
8
1
1
0
2
0
2
0
0
0
1
0
*** MIDI Control Doc v1.2
0
0
*** End MIDI Control Doc ***
6
LNX StepSequencer Doc v1.1
9
32
0
1
0.5
36
32
4
0
2
1
1
0
0
0
0
0
0
0
0
0
0
0
0
0
0
0
0
0
0
0
0
0
0
0
0
0
0
0
0
0
0
0
0
*** END OBJECT DOC ***
LNX StepSequencer Doc v1.1
9
32
0
1
0.5
36
32
4
0
2
1
1
0
0
0
0
0
0
0
0
0
0
0
0
0
0
0
0
0
0
0
0
0
0
0
0
0
0
0
0
0
0
0
0
*** END OBJECT DOC ***
LNX StepSequencer Doc v1.1
9
32
0
1
0.5
36
32
4
0
2
1
1
0
0
0
0
0
0
0
0
0
0
0
0
0
0
0
0
0
0
0
0
0
0
0
0
0
0
0
0
0
0
0
0
*** END OBJECT DOC ***
LNX StepSequencer Doc v1.1
9
32
0
1
0.5
36
32
4
0
2
1
1
-1
-1
-1
-1
-1
-1
-1
-1
-1
-1
-1
-1
-1
-1
-1
-1
-1
-1
-1
-1
-1
-1
-1
-1
-1
-1
-1
-1
-1
-1
-1
-1
*** END OBJECT DOC ***
LNX StepSequencer Doc v1.1
9
32
0
1
0.5
36
32
4
0
2
1
1
0
0
0
0
0
0
0
0
0
0
0
0
0
0
0
0
0
0
0
0
0
0
0
0
0
0
0
0
0
0
0
0
*** END OBJECT DOC ***
LNX StepSequencer Doc v1.1
9
32
0
1
0.5
36
32
4
0
2
1
1
0
0
0
0
0
0
0
0
0
0
0
0
0
0
0
0
0
0
0
0
0
0
0
0
0
0
0
0
0
0
0
0
*** END OBJECT DOC ***
LNX PRSeq DOC v1.2
0
LNX Score DOC v1.4
0
0
64
10.3125
15
0
1020
1
16
1
*** END Score DOC ***
*** END PRSeq DOC ***
*** END INSTRUMENT DOC ***
