SC BumNote2 Doc v1.4
Template Version v1.2
LNX_BumNote2
15
71
0
0
1
-0.026455106449061
0.74294856263021
0.39578125
0.0914634765625
0.46678951646766
0
-97.683929302879
-11.6955078125
-9.31640625
11
60
24
-0.120859375
0
0.1746875
-inf
0.4001171875
0.2
0.01
3.14609375
0
1.2869124070029
0.001
1.2981603515625
0.2771484375
0
127
0
2
-38.683728143196
0
0
1
0
-inf
1
0
0.10234375
0
1
0
0
0.7
0.8884765625
0.7238994140625
0
2.271484375
0
0.138359375
0.001
0.8
-4
0
0
3.3754736593206
0
0
28
0
0
0
0
1
1
0
0
0
0
0
1
0
1
0
*** MIDI Control Doc v1.1
0
*** End MIDI Control Doc ***
6
LNX StepSequencer Doc v1.1
9
32
0
1
0.5
36
16
4
0
2
1
1
1
0
0
0
0
1
0
0
1
0
0
1
0
0
0
0
1
1
1
1
1
1
1
1
1
1
1
0
1
1
1
1
*** END OBJECT DOC ***
LNX StepSequencer Doc v1.1
9
32
0
1
0.5
36
12
4
0
2
1
1
0
0
1
0
1
0
0
0
1
0
1
1
1
1
1
1
1
1
1
0
1
1
1
1
1
1
0
1
1
1
1
1
*** END OBJECT DOC ***
LNX StepSequencer Doc v1.1
9
32
0
1
0.5
36
32
4
0
2
1
1
1
0
0
0
0
0
1
0
0
0
0
0
0
0
1
0
0
0
0
0
0
0
1
0
0
0
0
0
1
0
0
0
*** END OBJECT DOC ***
LNX StepSequencer Doc v1.1
9
32
0
1
0.5
36
32
4
0
2
1
1
50
31
35
-1
38
43
47
-1
50
-1
55
-1
50
47
43
-1
40
36
33
-1
28
-1
33
-1
36
40
45
-1
48
52
57
-1
*** END OBJECT DOC ***
LNX StepSequencer Doc v1.1
9
32
0
1
0.5
36
32
4
0
2
1
1
0
0
0
0
0
0
0
0
0
0
0
0
0
0
0
0
0
0
0
0
0
0
0
0
0
0
0
0
0
0
0
0
*** END OBJECT DOC ***
LNX StepSequencer Doc v1.1
9
32
0
1
0.5
36
32
4
0
2
1
1
0
0
0
0
0
0
0
0
0
0
0
0
0
0
0
0
0
0
0
0
0
0
0
0
0
0
0
0
0
0
0
0
*** END OBJECT DOC ***
*** END INSTRUMENT DOC ***
