SC BumNote2 Doc v1.4
Template Version v1.2
LNX_BumNote2
14
71
0
0
1
0
0.8789292719401
0.00085937500000011
0
1.2385960409605
0.17068359375
0
26.3603515625
0
11
60
0
0
0
0
-1.4879929939695
0.2515234375
0.2
0.01
1.3959375
0.27884765625
0.01
0.001
0.777512109375
-0.27484375
0
127
0
3
-11.018403655995
0
0.04
1
0
-41.486884121605
1
0
1.230859375
0
1
0
0
0.7
46.7146484375
0.433798828125
-0.0800390625
0
-0.1570703125
0
0.001
0.8
-4
0
0
1
0
0
35
0
0
0
0
1
1
0
0
0
0
0
1
0
1
0
*** MIDI Control Doc v1.1
0
*** End MIDI Control Doc ***
6
LNX StepSequencer Doc v1.1
9
32
0
1
0.5
36
1
4
0
2
1
1
1
0
1
0
1
0
0
0
1
0
1
0
0
0
0
0
0
0
0
0
0
0
0
0
0
0
0
0
0
0
0
0
*** END OBJECT DOC ***
LNX StepSequencer Doc v1.1
9
32
0
1
0.5
36
1
4
0
2
1
1
1
0
1
1
1
1
1
1
1
1
1
1
1
0
0
0
0
0
0
0
0
0
0
0
0
0
0
0
0
0
0
0
*** END OBJECT DOC ***
LNX StepSequencer Doc v1.1
9
32
0
1
0.5
36
16
4
0
2
1
1
1
0
0
0
1
0
0
0
1
0
1
0
1
0
0
0
0
0
0
0
0
0
0
0
0
0
0
0
0
0
0
0
*** END OBJECT DOC ***
LNX StepSequencer Doc v1.1
9
32
0
1
0.5
36
32
4
0
2
1
1
26
-1
62
-1
31
-1
59
-1
35
55
38
50
43
-1
47
-1
48
-1
45
-1
52
40
57
36
60
-1
33
-1
64
-1
28
-1
*** END OBJECT DOC ***
LNX StepSequencer Doc v1.1
9
32
0
1
0.5
36
32
4
0
2
1
1
0
0
0
0
0
0
0
0
0
0
0
0
0
0
0
0
0
0
0
0
0
0
0
0
0
0
0
0
0
0
0
0
*** END OBJECT DOC ***
LNX StepSequencer Doc v1.1
9
32
0
1
0.5
36
32
4
0
2
1
1
0
0
0
0
0
0
0
0
0
0
0
0
0
0
0
0
0
0
0
0
0
0
0
0
0
0
0
0
0
0
0
0
*** END OBJECT DOC ***
*** END INSTRUMENT DOC ***
