SC BumNote2 Doc v1.6
Template Version v1.2
LNX_BumNote2
cute
75
0
0
1
-1.3768422930777
0.68074821875
0.1471875
0.1037134765625
0.65088065206544
0.1916015625
0.505546875
43.406770833334
6.58203125
11
60
0
0.00039062499999987
12
0.1068359375
-inf
-0.033203125
0.1190625
0.16338681953618
1.5940625
1
0.033354647740329
0
0.1332068359375
0.0567578125
0
127
-1
-2
-21.472013928322
0.405
0.033203125
1
1
-7.2821056988788
1
0
-0.2515625
0
0
-6.4047802171299
0
0.46395335477941
85
0.5164833984375
-1
-0.94921875
-0.456328125
0.84111328125
0.001
0.8
-4
0.0625
1
1
0
0
43
0
0
0
0
38.988587355146
1
4
0
1
0
0
0
3
1
1
1
0
1
0
*** MIDI Control Doc v1.1
0
*** End MIDI Control Doc ***
6
LNX StepSequencer Doc v1.1
9
32
0
1
0.5
36
32
4
0
2
1
1
0
0
0
0
0
0
0
0
0
0
0
0
0
0
0
0
0
0
0
0
0
0
0
0
0
0
0
0
0
0
0
0
*** END OBJECT DOC ***
LNX StepSequencer Doc v1.1
9
32
0
1
0.5
36
32
4
0
2
1
1
0
0
0
0
0
0
0
0
0
0
0
0
0
0
0
0
0
0
0
0
0
0
0
0
0
0
0
0
0
0
0
0
*** END OBJECT DOC ***
LNX StepSequencer Doc v1.1
9
32
0
1
0.5
36
32
4
0
2
1
1
0
0
0
0
0
0
0
0
0
0
0
0
0
0
0
0
0
0
0
0
0
0
0
0
0
0
0
0
0
0
0
0
*** END OBJECT DOC ***
LNX StepSequencer Doc v1.1
9
32
0
1
0.5
36
32
4
0
2
1
1
-1
-1
-1
-1
-1
-1
-1
-1
-1
-1
-1
-1
-1
-1
-1
-1
-1
-1
-1
-1
-1
-1
-1
-1
-1
-1
-1
-1
-1
-1
-1
-1
*** END OBJECT DOC ***
LNX StepSequencer Doc v1.1
9
32
0
1
0.5
36
32
4
0
2
1
1
0
0
0
0
0
0
0
0
0
0
0
0
0
0
0
0
0
0
0
0
0
0
0
0
0
0
0
0
0
0
0
0
*** END OBJECT DOC ***
LNX StepSequencer Doc v1.1
9
32
0
1
0.5
36
32
4
0
2
1
1
0
0
0
0
0
0
0
0
0
0
0
0
0
0
0
0
0
0
0
0
0
0
0
0
0
0
0
0
0
0
0
0
*** END OBJECT DOC ***
LNX PRSeq DOC v1.2
0
LNX Score DOC v1.4
36
0
64
14.4375
11
30
742
1
16
2
52
0
1
0.46402735605315
40
2
2
0.46402735605315
28
4
1
0.46402735605315
52
6
1
0.46402735605315
40
7
2
0.89135257926744
28
8
1
0.46402735605315
52
10
2
0.46402735605315
40
12
1
0.89904577123172
28
14
2
0.46402735605315
52
16
1
0.46402735605315
40
18
2
0.72366329355315
28
20
1
0.46402735605315
38
22
2
0.46402735605315
26
24
1
0.88031452123172
50
25
1
0.46402735605315
38
26
2
0.46402735605315
26
28
1
0.46402735605315
50
30
2
0.46402735605315
38
32
1
0.46402735605315
26
34
2
0.74886128462458
50
36
2
0.46402735605315
38
38
1
0.46402735605315
26
39
1
0.46402735605315
50
40
1
1
36
42
2
0.46402735605315
24
44
2
0.81590726676744
48
46
1
0.46402735605315
36
48
2
0.46402735605315
24
50
2
0.46402735605315
48
51
1
0.46402735605315
36
54
2
0.46402735605315
24
56
1
0.46402735605315
48
57
1
0.46402735605315
36
58
2
0.46402735605315
24
60
2
0.46402735605315
48
62
1
0.46402735605315
*** END Score DOC ***
*** END PRSeq DOC ***
*** END INSTRUMENT DOC ***
