SC BumNote2 Doc v1.6
Template Version v1.2
LNX_BumNote2
GATE Acid
80
0
0
1
2.3106620703583
0.9708
1
0
1.0742695879751
0
-inf
3.0322916666667
14.216796875
11
60
0
-0.0588671875
-12
0.0592578125
-inf
-0.4037890625
0.5746875
0.01
1.495234375
0
0.059793492583146
0.001
0.6271078125
-0.0284765625
0
127
0
-1
-11.719648573789
0.1776171875
-0.326796875
1
1
0
1
0
-0.31328125
1
1
-8.2491483101663
0
0.49345128676471
7.3883463541667
0.076593072375613
-0.0143359375
0.83203125
0
0
0.001
0.8
-4
0
1
1.7799119897596
2
0
50
0
0.1737890625
2
2
3.1130320628775
1.3352491757111
4
1
0
0
0
0
8
1
1
0
2
0
2
0
0
0
1
0
*** MIDI Control Doc v1.2
0
0
*** End MIDI Control Doc ***
6
LNX StepSequencer Doc v1.1
9
32
0
1
0.5
36
1
4
0
2
1
1
0
0
0
0
0
0
1
0
1
0
0
0
0
0
0
0
0
0
0
0
0
0
0
0
0
0
0
0
0
0
0
0
*** END OBJECT DOC ***
LNX StepSequencer Doc v1.1
9
32
0
1
0.5
36
1
4
0
2
1
1
0
0
1
0
1
0
0
0
1
0
0
0
0
0
0
0
0
0
0
0
0
0
0
0
0
0
0
0
0
0
0
0
*** END OBJECT DOC ***
LNX StepSequencer Doc v1.1
9
32
0
1
0.5
36
1
4
0
2
1
1
0
0
1
0
0
0
0
0
0
0
1
0
0
0
1
0
0
0
0
0
0
0
0
0
0
0
0
0
0
0
0
0
*** END OBJECT DOC ***
LNX StepSequencer Doc v1.1
9
32
0
1
0.5
36
32
4
0
2
1
1
-1
-1
-1
-1
-1
-1
-1
-1
-1
-1
-1
-1
-1
-1
-1
-1
-1
-1
-1
-1
-1
-1
-1
-1
-1
-1
-1
-1
-1
-1
-1
-1
*** END OBJECT DOC ***
LNX StepSequencer Doc v1.1
9
32
0
1
0.5
36
32
4
0
2
1
1
1
1
1
1
0
0
0
0
0
0
0
0
0
0
0
0
0
0
0
0
0
0
0
0
0
0
0
0
0
0
0
0
*** END OBJECT DOC ***
LNX StepSequencer Doc v1.1
9
32
0
1
0.5
36
32
4
0
2
1
1
0
0
0
0
0
0
0
0
0
0
0
0
0
0
0
0
0
0
0
0
0
0
0
0
0
0
0
0
0
0
0
0
*** END OBJECT DOC ***
LNX PRSeq DOC v1.2
0
LNX Score DOC v1.4
28
0
64
10.3125
15
0
977
1
16
1
47
61.951200000001
0.99999999999272
0.47935301339286
45
47.951200000001
0.99999999999272
0.47935301339286
44
35.951200000001
0.99999999999272
0.47935301339286
56
27.951200000001
1.9999999999927
1
50
23.951200000001
0.99999999999272
0.47935301339286
50
7.9512000000007
0.99999999999272
0.47935301339286
50
9.9512000000007
0.99999999999272
0.47935301339286
47
49.951200000001
0.99999999999272
0.47935301339286
51
33.951200000001
0.99999999999272
0.47935301339286
49
37.951200000001
0.99999999999272
0.47935301339286
50
41.951200000001
0.99999999999272
0.47935301339286
47
31.951200000001
0.99999999999272
0.47935301339286
47
39.951200000001
0.99999999999272
0.47935301339286
47
5.9512000000007
0.99999999999272
0.47935301339286
44
29.951200000001
1
0.47935301339286
51
39.951200000001
0.99999999999272
0.47935301339286
47
45.951200000001
0.99999999999272
0.47935301339286
44
43.951200000001
0.99999999999272
0.47935301339286
44
51.951200000001
1
0.47935301339286
50
0
0.99999999999272
0.47935301339286
46
1.9512000000007
0.99999999999272
0.47935301339286
50
25.951200000001
0.99999999999272
0.47935301339286
55
56
1.9999999999927
1
55
4
1.9999999999927
0.78740157480315
44
57.951200000001
0.99999999999272
0.47935301339286
44
59.951200000001
0.99999999999272
0.47935301339286
44
54
1
0.78740157480315
44
12
11
0.14055524553571
*** END Score DOC ***
*** END PRSeq DOC ***
*** END INSTRUMENT DOC ***
