SC BumNote2 Doc v1.4
Template Version v1.2
LNX_BumNote2
last thing ACID pt2
71
0
0
1
0.55574690503325
0.93063856920573
0.5283203125
0.0295052734375
2.9060346029089
0.09697265625
-inf
-19.0947265625
25.375
11
60
-16
0
0
0
-inf
0.279609375
0.2
0.01
1.407109375
0
0.10655150519958
0.001
1.0341345703125
-0.171640625
0
127
0
2
-24.024421356916
0.233984375
0.5673828125
0
1
0
1
0
-0.98203125
0
1
-7.7162595205765
1
0.66679113051471
-10.4380859375
0.81227783203125
0
17.65625
0.6775390625
0.091328125
0.001
0.8
-4
0
0
1
5
1
53
1
0
0
0
1
1
0
0
0
0
0
1
0
1
0
*** MIDI Control Doc v1.1
0
*** End MIDI Control Doc ***
6
LNX StepSequencer Doc v1.1
9
32
0
1
0.5
36
32
4
0
2
1
1
1
0
1
0
0
0
0
0
0
0
1
0
0
0
1
0
0
0
0
0
1
0
1
0
1
0
0
0
1
0
0
0
*** END OBJECT DOC ***
LNX StepSequencer Doc v1.1
9
32
0
1
0.5
36
32
4
0
2
1
1
0
1
1
0
0
0
0
0
1
0
0
1
0
0
0
0
1
0
0
0
0
0
0
0
0
0
1
0
0
0
1
0
*** END OBJECT DOC ***
LNX StepSequencer Doc v1.1
9
32
0
1
0.5
36
10
4
0
4
1
1
1
1
0
1
1
0
1
0
1
0
0
0
0
0
0
0
0
0
0
0
0
0
0
0
0
0
0
0
0
0
0
0
*** END OBJECT DOC ***
LNX StepSequencer Doc v1.1
9
32
0
1
0.5
36
20
4
0
2
1
1
52
55
65
50
65
67
67
64
40
60
60
64
50
64
45
60
50
43
53
65
-1
-1
55
51
-1
-1
55
-1
-1
52
-1
-1
*** END OBJECT DOC ***
LNX StepSequencer Doc v1.1
9
32
0
1
0.5
36
20
4
0
2
1
1
0
0
0
1
0
0
0
1
0
1
0
0
0
1
0
1
0
0
1
1
0
0
0
0
0
0
1
0
0
0
0
0
*** END OBJECT DOC ***
LNX StepSequencer Doc v1.1
9
32
0
1
0.5
36
20
4
0
2
1
1
0.59339943910256
0.67012219551282
0.63461538461538
0.69676482371795
0.69566306089744
0.33979366987179
0.66902043269231
0.66902043269231
0.66902043269231
0.47445913461538
0.44386017628205
0.43053886217949
0.48332331730769
0.66902043269231
0.66902043269231
0.66902043269231
0.66902043269231
0.66902043269231
0.58869190705128
0.56255008012821
0.84765625
0.78104967948718
0.66902043269231
0.63894731570513
0.66902043269231
0.49684495192308
0.43023838141026
0.66902043269231
0.31034655448718
0.25701121794872
0.25701121794872
0.25701121794872
*** END OBJECT DOC ***
*** END INSTRUMENT DOC ***
