SC BumNote2 Doc v1.6
Template Version v1.2
LNX_BumNote2
lead acid stab
80
0
0
1
-6.0440274947149
0.86232421875
0.9603125
0.1037134765625
0.674845703125
0
-inf
-42.2693359375
-1.318359375
11
60
28
-0.1023828125
4
0.1031640625
-inf
1
0.5076953125
0.00628767578125
0.2490625
0.30306640625
4
0.05078125
2.70730234375
-0.2105078125
0
127
0
-5
-inf
0.23474609375
0.0528125
1
1
0
1
0
-0.67060546875
0
1
0
0
0.46395335477941
-30.260546875
0.88787109375
0.31984375
37.89453125
-0.456328125
0.47591796875
0.001
0.8
-4
-0.2798828125
1
1
0
0
43
0
0
0
0
1
1
0
0
0
0
0
0
8
1
1
0
2
0
2
0
0
0
1
0
*** MIDI Control Doc v1.2
0
0
*** End MIDI Control Doc ***
6
LNX StepSequencer Doc v1.1
9
32
0
1
0.5
36
32
4
0
2
1
1
0
0
0
0
0
0
0
0
0
0
0
0
0
0
0
0
0
0
0
0
0
0
0
0
0
0
0
0
0
0
0
0
*** END OBJECT DOC ***
LNX StepSequencer Doc v1.1
9
32
0
1
0.5
36
32
4
0
2
1
1
0
0
0
0
0
0
0
0
0
0
0
0
0
0
0
0
0
0
0
0
0
0
0
0
0
0
0
0
0
0
0
0
*** END OBJECT DOC ***
LNX StepSequencer Doc v1.1
9
32
0
1
0.5
36
32
4
0
2
1
1
0
0
0
0
0
0
0
0
0
0
0
0
0
0
0
0
0
0
0
0
0
0
0
0
0
0
0
0
0
0
0
0
*** END OBJECT DOC ***
LNX StepSequencer Doc v1.1
9
32
0
1
0.5
36
32
4
0
2
1
1
0
0
0
0
0
0
0
0
0
0
0
0
0
0
0
0
0
0
0
0
0
0
0
0
0
0
0
0
0
0
0
0
*** END OBJECT DOC ***
LNX StepSequencer Doc v1.1
9
32
0
1
0.5
36
32
4
0
2
1
1
0
0
0
0
0
0
0
0
0
0
0
0
0
0
0
0
0
0
0
0
0
0
0
0
0
0
0
0
0
0
0
0
*** END OBJECT DOC ***
LNX StepSequencer Doc v1.1
9
32
0
1
0.5
36
32
4
0
2
1
1
0
0
0
0
0
0
0
0
0
0
0
0
0
0
0
0
0
0
0
0
0
0
0
0
0
0
0
0
0
0
0
0
*** END OBJECT DOC ***
LNX PRSeq DOC v1.2
0
LNX Score DOC v1.4
0
0
64
22
15
0
0
1
16
1
*** END Score DOC ***
*** END PRSeq DOC ***
*** END INSTRUMENT DOC ***
