SC BumNote2 Doc v1.4
Template Version v1.2
LNX_BumNote2
last thing ACID
71
0
0
1
0.81419493049401
0.90910016451823
0.186328125
0.182735546875
0.7149453125
0
-55.985591741997
25.5138671875
-13.076171875
11
60
11
0
-25
0
-inf
0.2
0.2
0.01
4
1
0.25
0.078515625
0.2271900390625
0
0
127
0
2
-inf
0
0
1
1
0
1
0
-3.095703125
0
1
-6.2850063978021
0
0.74546185661765
-27.608919270833
0.9249169921875
-0.266796875
10.0859375
0.98140625
0.11805733267717
0.001
0.8
-4
-1
1
1
0
0
69
0
0
0
0
1
1
0
0
0
0
0
0
0
1
0
*** MIDI Control Doc v1.1
1
1
0
36
50
0
127
0
*** End MIDI Control Doc ***
6
LNX StepSequencer Doc v1.1
9
32
0
1
0.5
36
32
4
0
2
1
1
1
0
1
0
0
0
1
0
1
0
0
0
1
0
1
0
1
0
1
0
1
0
1
0
1
0
0
0
0
0
0
0
*** END OBJECT DOC ***
LNX StepSequencer Doc v1.1
9
32
0
1
0.5
36
32
4
0
2
1
1
0
1
0
0
1
0
0
1
0
0
1
0
0
1
0
1
0
1
0
1
0
1
0
1
0
0
0
0
1
0
0
0
*** END OBJECT DOC ***
LNX StepSequencer Doc v1.1
9
32
0
1
0.5
36
32
4
0
2
1
1
0
0
0
0
0
0
0
0
0
0
0
0
0
0
0
0
0
0
0
0
0
0
0
0
0
0
0
0
0
0
0
0
*** END OBJECT DOC ***
LNX StepSequencer Doc v1.1
9
32
0
1
0.5
36
32
4
0
2
1
1
48
-1
57
-1
-1
-1
60
-1
69
-1
-1
-1
48
-1
57
-1
60
-1
69
-1
48
-1
57
-1
60
-1
-1
-1
-1
-1
-1
-1
*** END OBJECT DOC ***
LNX StepSequencer Doc v1.1
9
32
0
1
0.5
36
32
4
0
2
1
1
0
0
0
0
0
0
0
0
0
0
0
0
0
0
0
0
0
0
0
0
0
0
0
0
0
0
0
0
0
0
0
0
*** END OBJECT DOC ***
LNX StepSequencer Doc v1.1
9
32
0
1
0.5
36
32
4
0
2
1
1
0
0
0
0
0
0
0
0
0
0
0
0
0
0
0
0
0
0
0
0
0
0
0
0
0
0
0
0
0
0
0
0
*** END OBJECT DOC ***
*** END INSTRUMENT DOC ***
