SC BumNote2 Doc v1.6
Template Version v1.2
LNX_BumNote2
acid flow
75
0
0
1
-1.7071802009006
0.77489559375
-0.6718359375
0.0914634765625
1.197838968246
0.1148828125
-24.206343251074
48.273296767894
15.8359375
11
60
0
-0.120859375
0
0.1746875
-inf
0.2
0.2
0.01
1.126484375
0
0.01
0.001
0.96719296875
0
0
127
0
-1
-22.785687609227
0.0517578125
0
0
1
0
1
0
-3.484375
0
1
-0.66961157666832
0
0.7
5.8373697916667
0.84251806640625
0.86828125
34.580078125
0
0.8037890625
0.001
0.8
-4
0
0
3.3754736593206
0
1
48
0
0.3719921875
0
0
2.1994023639269
1
0
0
1
1
0
1
8
1
1
1
0
1
0
*** MIDI Control Doc v1.2
0
0
*** End MIDI Control Doc ***
6
LNX StepSequencer Doc v1.1
9
32
0
1
0.5
36
32
4
0
2
1
1
0
0
0
0
0
0
0
0
0
0
0
0
0
0
0
0
0
0
0
0
0
0
0
0
0
0
0
0
0
0
0
0
*** END OBJECT DOC ***
LNX StepSequencer Doc v1.1
9
32
0
1
0.5
36
32
4
0
2
1
1
0
0
0
0
0
0
0
0
0
0
0
0
0
0
0
0
0
0
0
0
0
0
0
0
0
0
0
0
0
0
0
0
*** END OBJECT DOC ***
LNX StepSequencer Doc v1.1
9
32
0
1
0.5
36
32
4
0
2
1
1
0
0
0
0
0
0
0
0
0
0
0
0
0
0
0
0
0
0
0
0
0
0
0
0
0
0
0
0
0
0
0
0
*** END OBJECT DOC ***
LNX StepSequencer Doc v1.1
9
32
0
1
0.5
36
32
4
0
2
1
1
-1
-1
-1
-1
-1
-1
-1
-1
-1
-1
-1
-1
-1
-1
-1
-1
-1
-1
-1
-1
-1
-1
-1
-1
-1
-1
-1
-1
-1
-1
-1
-1
*** END OBJECT DOC ***
LNX StepSequencer Doc v1.1
9
32
0
1
0.5
36
32
4
0
2
1
1
0
0
0
0
0
0
0
0
0
0
0
0
0
0
0
0
0
0
0
0
0
0
0
0
0
0
0
0
0
0
0
0
*** END OBJECT DOC ***
LNX StepSequencer Doc v1.1
9
32
0
1
0.5
36
32
4
0
2
1
1
0
0
0
0
0
0
0
0
0
0
0
0
0
0
0
0
0
0
0
0
0
0
0
0
0
0
0
0
0
0
0
0
*** END OBJECT DOC ***
LNX PRSeq DOC v1.2
0
LNX Score DOC v1.4
0
0
64
10.3125
15
0
1020
1
16
1
*** END Score DOC ***
*** END PRSeq DOC ***
*** END INSTRUMENT DOC ***
