SC BumNote2 Doc v1.6
Template Version v1.2
LNX_BumNote2
sub thoat z
75
0
0
1
1.8264295410848
0.4682593125
0.2505078125
0.220174609375
1.6855069304377
0
-7.5525052321667
40.105989583333
2.28125
11
60
36
-0.2390625
12
0.2101953125
-94.595107491629
0.0426953125
0.5076953125
0.00628767578125
0.330859375
0
0.017796993064536
0
0.5127244140625
-0.30828125
0
127
0
-4
-10.219636575212
0.29654296875
0.0169921875
1
0
-10.28277513691
1
0
-4.358203125
0
1
-6.6368880638662
0
0.77329388786765
37.231966145833
0.8885703125
-0.02921875
3.146484375
-0.1119140625
0.367578125
0.001
0.8
-4
-0.01109375
0
1
0
1
43
1
1
0
0
1
1
0
0
0
0
0
0
8
1
1
1
0
1
0
*** MIDI Control Doc v1.2
0
0
*** End MIDI Control Doc ***
6
LNX StepSequencer Doc v1.1
9
32
0
1
0.5
36
24
4
0
2
1
1
1
0
0
0
0
0
0
0
0
0
0
0
0
0
0
0
0
0
1
0
0
0
1
0
0
0
0
0
0
0
0
0
*** END OBJECT DOC ***
LNX StepSequencer Doc v1.1
9
32
0
1
0.5
36
8
4
0
2
1
1
1
0
1
0
1
0
1
0
0
0
0
0
0
0
1
0
0
0
0
0
0
0
0
0
0
0
0
0
0
0
0
0
*** END OBJECT DOC ***
LNX StepSequencer Doc v1.1
9
32
0
1
0.5
36
12
4
0
2
1
1
0
0
1
0
0
0
0
0
1
0
1
0
1
0
0
0
0
0
0
0
0
0
0
0
0
0
0
0
0
0
0
0
*** END OBJECT DOC ***
LNX StepSequencer Doc v1.1
9
32
0
1
0.5
36
1
4
0
2
1
1
-1
38
53
40
47
-1
35
47
-1
-1
-1
47
-1
-1
-1
-1
-1
-1
-1
-1
-1
-1
-1
-1
-1
-1
-1
-1
-1
-1
-1
-1
*** END OBJECT DOC ***
LNX StepSequencer Doc v1.1
9
32
0
1
0.5
36
1
4
0
2
1
1
0
1
1
0
1
1
0
0
0
0
0
0
0
0
0
0
0
0
0
0
0
0
0
0
0
0
0
0
0
0
0
0
*** END OBJECT DOC ***
LNX StepSequencer Doc v1.1
9
32
0
1
0.5
36
1
4
0
2
1
1
0
0
0
0
0
0
0
0
0
0
0
0
0
0
0
0
0
0
0
0
0
0
0
0
0
0
0
0
0
0
0
0
*** END OBJECT DOC ***
LNX PRSeq DOC v1.2
0
LNX Score DOC v1.4
0
0
64
22
15
0
0
1
16
1
*** END Score DOC ***
*** END PRSeq DOC ***
*** END INSTRUMENT DOC ***
