SC BumNote2 Doc v1.4
Template Version v1.2
LNX_BumNote2
05
71
0
0
1
-5.0155622853401
0.93767578125
-0.0044531249999999
0.0737201171875
0.66537109375
0.229375
0.56203125
41.2447265625
6.474609375
11
60
-20
0.00039062499999987
-10
0.0146484375
-27.093464828009
0.2071875
0.5076953125
0.021370234375
0.31234375
0.128125
0.050009154870089
0.5966015625
0.5127244140625
0.21625
0
127
0
6
-19.752091540407
0.03556640625
-0.0018359375
0
1
0
1
0
-4.358203125
1
1
0
1
0.53047449448529
16.9203125
0.88626953125
0.1228515625
-14.83203125
0.214453125
0
0.001
0.8
-4
-0.29609375
0
1
0
0
45
1
0
0
0
1
1
0
0
0
0
0
1
0
1
0
*** MIDI Control Doc v1.1
0
*** End MIDI Control Doc ***
6
LNX StepSequencer Doc v1.1
9
32
0
1
0.5
36
32
4
0
2
1
1
1
0
0
0
0
0
1
0
0
0
0
0
1
0
0
0
1
0
0
0
0
0
1
0
0
0
0
0
1
0
0
0
*** END OBJECT DOC ***
LNX StepSequencer Doc v1.1
9
32
0
1
0.5
36
32
4
0
2
1
1
1
0
0
0
0
0
1
0
0
0
0
0
1
0
0
0
1
0
0
0
0
0
1
0
0
0
0
0
1
0
0
0
*** END OBJECT DOC ***
LNX StepSequencer Doc v1.1
9
32
0
1
0.5
36
6
4
0
2
1
1
1
0
0
0
0
0
0
0
0
0
0
0
0
0
0
0
0
0
0
0
0
0
0
0
0
0
0
0
0
0
0
0
*** END OBJECT DOC ***
LNX StepSequencer Doc v1.1
9
32
0
1
0.5
36
7
4
0
2
1
1
50
50
48
43
43
45
45
-1
-1
-1
-1
-1
-1
-1
-1
-1
-1
-1
-1
-1
-1
-1
-1
-1
-1
-1
-1
-1
-1
-1
-1
-1
*** END OBJECT DOC ***
LNX StepSequencer Doc v1.1
9
32
0
1
0.5
36
7
4
0
2
1
1
0
0
0
0
0
0
0
0
0
0
0
0
0
0
0
0
0
0
0
0
0
0
0
0
0
0
0
0
0
0
0
0
*** END OBJECT DOC ***
LNX StepSequencer Doc v1.1
9
32
0
1
0.5
36
7
4
0
2
1
1
0
0
0
0
0
0
0
0
0
0
0
0
0
0
0
0
0
0
0
0
0
0
0
0
0
0
0
0
0
0
0
0
*** END OBJECT DOC ***
*** END INSTRUMENT DOC ***
