SC BumNote2 Doc v1.6
Template Version v1.2
LNX_BumNote2
sub throat z
80
0
0
1
-1.7999754419258
0.96654296875
0.304375
0
0.796388671875
0
-inf
38.587630208333
-12.787109375
11
60
2
0.00039062499999987
-10
0.0146484375
-94.595107491629
0.86328125
0.37818359375
0.00628767578125
1.00125
0
1.2752194031396
0
0.5127244140625
0
0
127
0
-1
-inf
0.15107421875
0.727890625
1
1
0
1
0
-4.358203125
0
0
0
0
0.7
12.897591145833
0.77965536089058
-0.5876953125
18.615234375
0.777890625
0
0.001
0.8
-4
0.5
0
1
0
0
53
1
0
0
0
1
1
0
0
0
0
0
0
8
1
1
0
2
0
2
0
0
0
1
0
*** MIDI Control Doc v1.2
0
0
*** End MIDI Control Doc ***
6
LNX StepSequencer Doc v1.1
9
32
0
1
0.5
36
16
4
0
2
1
1
1
0
1
0
0
0
0
0
1
0
0
0
1
0
0
0
0
0
0
0
0
0
0
0
0
0
0
0
0
0
0
0
*** END OBJECT DOC ***
LNX StepSequencer Doc v1.1
9
32
0
1
0.5
36
8
4
0
2
1
1
0
0
1
0
1
0
1
0
0
0
0
0
0
0
1
0
0
0
0
0
0
0
0
0
0
0
0
0
0
0
0
0
*** END OBJECT DOC ***
LNX StepSequencer Doc v1.1
9
32
0
1
0.5
36
12
4
0
2
1
1
0
0
1
0
0
0
0
0
1
0
1
0
1
0
0
0
0
0
0
0
0
0
0
0
0
0
0
0
0
0
0
0
*** END OBJECT DOC ***
LNX StepSequencer Doc v1.1
9
32
0
1
0.5
36
8
4
0
2
1
1
47
38
53
40
47
-1
36
48
-1
-1
-1
-1
-1
-1
-1
-1
-1
-1
-1
-1
-1
-1
-1
-1
-1
-1
-1
-1
-1
-1
-1
-1
*** END OBJECT DOC ***
LNX StepSequencer Doc v1.1
9
32
0
1
0.5
36
8
4
0
2
1
1
0
1
1
0
1
1
0
0
0
0
0
0
0
0
0
0
0
0
0
0
0
0
0
0
0
0
0
0
0
0
0
0
*** END OBJECT DOC ***
LNX StepSequencer Doc v1.1
9
32
0
1
0.5
36
8
4
0
2
1
1
0
0
0
0
0
0
0
0
0
0
0
0
0
0
0
0
0
0
0
0
0
0
0
0
0
0
0
0
0
0
0
0
*** END OBJECT DOC ***
LNX PRSeq DOC v1.2
0
LNX Score DOC v1.4
0
0
64
22
15
0
0
1
16
1
*** END Score DOC ***
*** END PRSeq DOC ***
*** END INSTRUMENT DOC ***
