SC BumNote2 Doc v1.4
Template Version v1.2
LNX_BumNote2
sub throat A
71
0
0
1
-4.7138627895848
0.9708
0.83921875
0.0737201171875
0.66537109375
0.10255859375
0.56203125
10.538997395833
6.474609375
11
60
-7
0.00039062499999987
-10
0.0146484375
-27.093464828009
0.2071875
0.5076953125
0.021370234375
1.41140625
0.128125
0.01
0
0.648555859375
0.21625
0
127
0
2
-inf
0.03556640625
-0.0018359375
0
1
0
1
0
-4.058203125
1
1
0
1
0.53047449448529
-5.1407552083333
0.87387890625
0.1228515625
-14.83203125
0.214453125
0
0.001
0.8
-4
-0.29609375
0
1
0
0
43
1
0
0
0
1
1
0
0
0
0
0
1
0
1
0
*** MIDI Control Doc v1.1
0
*** End MIDI Control Doc ***
6
LNX StepSequencer Doc v1.1
9
32
0
1
0.5
36
32
4
0
2
1
1
1
0
0
1
0
0
1
0
0
0
0
0
1
0
0
0
1
0
0
1
0
0
1
0
0
0
0
0
1
0
0
0
*** END OBJECT DOC ***
LNX StepSequencer Doc v1.1
9
32
0
1
0.5
36
2
4
0
4
1
1
1
0
0
0
0
0
1
0
0
0
0
0
1
0
0
0
1
0
0
0
0
0
1
0
0
0
0
0
1
0
0
0
*** END OBJECT DOC ***
LNX StepSequencer Doc v1.1
9
32
0
1
0.5
36
6
4
0
2
1
1
1
0
1
0
0
0
0
0
0
0
0
0
0
0
0
0
0
0
0
0
0
0
0
0
0
0
0
0
0
0
0
0
*** END OBJECT DOC ***
LNX StepSequencer Doc v1.1
9
32
0
1
0.5
36
7
4
0
2
1
1
50
50
48
43
43
45
45
-1
-1
-1
-1
-1
-1
-1
-1
-1
-1
-1
-1
-1
-1
-1
-1
-1
-1
-1
-1
-1
-1
-1
-1
-1
*** END OBJECT DOC ***
LNX StepSequencer Doc v1.1
9
32
0
1
0.5
36
7
4
0
2
1
1
0
0
0
0
0
0
0
0
0
0
0
0
0
0
0
0
0
0
0
0
0
0
0
0
0
0
0
0
0
0
0
0
*** END OBJECT DOC ***
LNX StepSequencer Doc v1.1
9
32
0
1
0.5
36
7
4
0
2
1
1
0
0
0
0
0
0
0
0
0
0
0
0
0
0
0
0
0
0
0
0
0
0
0
0
0
0
0
0
0
0
0
0
*** END OBJECT DOC ***
*** END INSTRUMENT DOC ***
