SC BumNote2 Doc v1.6
Template Version v1.2
LNX_BumNote2
Trance me up baby
80
0
0
1
-3.3032620961687
0.6670629949007
0.234140625
0
1
0.138125
0
21.689973958333
21.32421875
11
60
0
0.10234375
7
-0.10046875
-inf
0.2
0.2
0.01
4
1
0.25
0.511328125
0.8251271484375
0
0
127
0
-1
-24.652795635949
0
0
1
1
-inf
1
0
-5.89765625
0
0
-2.4809580862738
0
0.61845820783133
21.164583333333
0.69522278581226
0
5.43359375
0
0
0.001
0.8
-4
0
1
2.2924245746538
1
1
52
0
0
0
3
1
1
0
1
0
1
0
1
8
1
0.73328125
1
12
1
6
0
0
0
0
0
*** MIDI Control Doc v1.2
0
0
*** End MIDI Control Doc ***
6
LNX StepSequencer Doc v1.1
9
32
0
1
0.5
36
6
4
0
2
1
1
1
0
0
0
0
0
0
0
0
0
0
0
0
0
0
0
0
0
0
0
0
0
0
0
0
0
0
0
0
0
0
0
*** END OBJECT DOC ***
LNX StepSequencer Doc v1.1
9
32
0
1
0.5
36
5
4
0
2
1
1
0
0
1
0
0
0
0
0
0
0
0
0
0
0
0
0
0
0
0
0
0
0
0
0
0
0
0
0
0
0
0
0
*** END OBJECT DOC ***
LNX StepSequencer Doc v1.1
9
32
0
1
0.5
36
14
4
0
2
1
1
0
0
0
0
0
0
0
0
0
0
0
0
1
0
0
0
0
0
0
0
0
0
0
0
0
0
0
0
0
0
0
0
*** END OBJECT DOC ***
LNX StepSequencer Doc v1.1
9
32
0
1
0.5
36
32
4
0
2
1
1
-1
-1
-1
-1
-1
-1
-1
-1
-1
-1
-1
-1
-1
-1
-1
-1
-1
-1
-1
-1
-1
-1
-1
-1
-1
-1
-1
-1
-1
-1
-1
-1
*** END OBJECT DOC ***
LNX StepSequencer Doc v1.1
9
32
0
1
0.5
36
32
4
0
2
1
1
0
0
0
0
0
0
0
0
0
0
0
0
0
0
0
0
0
0
0
0
0
0
0
0
0
0
0
0
0
0
0
0
*** END OBJECT DOC ***
LNX StepSequencer Doc v1.1
9
32
0
1
0.5
36
32
4
0
2
1
1
0
0
0
0
0
0
0
0
0
0
0
0
0
0
0
0
0
0
0
0
0
0
0
0
0
0
0
0
0
0
0
0
*** END OBJECT DOC ***
LNX PRSeq DOC v1.2
0
LNX Score DOC v1.4
18
0
64
10.3125
15
2
1006
1
16
4
43
0
16
0.78740157480315
47
16
4
0.78740157480315
50
20
4
0.78740157480315
50
44
4
0.78740157480315
47
40
4
0.78740157480315
43
24
16
0.78740157480315
40
48
8
0.78740157480315
52
56
8
0.78740157480315
59
2
3
0.16971630694601
59
8
3
0.16971630694601
57
14
3
0.16971630694601
57
20
3
0.16971630694601
59
26
3
0.16971630694601
59
30
3
0.16971630694601
57
38
3
0.16971630694601
57
44
3
0.16971630694601
59
48
3
0.16971630694601
59
54
3
0.16971630694601
*** END Score DOC ***
*** END PRSeq DOC ***
*** END INSTRUMENT DOC ***
