SC BumNote2 Doc v1.6
Template Version v1.2
LNX_BumNote2
trance
80
0
0
1
-4.7598050009944
0.556200140625
0.28906252980232
0
1.3182567385564
0
-5.2458682060242
75.870020802815
43.8125
11
60
12
-0.0588671875
0
0.0592578125
-30.536304473877
-0.53324218392372
0.5746875
0.001
4
1
0.034008910936375
0.001
1.5070898532867
0
0
127
0
-1
-inf
0.13896484375
0
1
1
0
1
0
-6.8941407203674
0
0
-4.9885039329529
0
0.49345128676471
32.456121571858
0.59773974609375
-0.0816796875
20.017578125
0
0.24302734434605
0.001
0.8
-4
0
1
3.3067669496695
1
0
64
1
0.277109375
4
2
3.1130320628775
1.3352491757111
2
1
0
0
0
1
3
1
1
0
2
0
2
0
0
0
1
0
*** MIDI Control Doc v1.2
0
0
*** End MIDI Control Doc ***
6
LNX StepSequencer Doc v1.1
9
32
0
1
0.5
36
32
4
0
2
1
1
0
0
0
0
0
0
0
0
0
0
0
0
0
0
0
0
0
0
0
0
0
0
0
0
0
0
0
0
0
0
0
0
*** END OBJECT DOC ***
LNX StepSequencer Doc v1.1
9
32
0
1
0.5
36
32
4
0
2
1
1
0
0
0
0
0
0
0
0
0
0
0
0
0
0
0
0
0
0
0
0
0
0
0
0
0
0
0
0
0
0
0
0
*** END OBJECT DOC ***
LNX StepSequencer Doc v1.1
9
32
0
1
0.5
36
12
4
0
2
1
1
0
0
1
0
0
0
1
0
0
1
0
0
0
0
0
0
0
0
0
0
0
0
0
0
0
0
0
0
0
0
0
0
*** END OBJECT DOC ***
LNX StepSequencer Doc v1.1
9
32
0
1
0.5
36
4
4
0
2
1
1
-1
-1
-1
-1
-1
-1
-1
-1
-1
-1
-1
-1
-1
-1
-1
-1
-1
-1
-1
-1
-1
-1
-1
-1
-1
-1
-1
-1
-1
-1
-1
-1
*** END OBJECT DOC ***
LNX StepSequencer Doc v1.1
9
32
0
1
0.5
36
4
4
0
2
1
1
1
1
1
1
0
0
0
0
0
0
0
0
0
0
0
0
0
0
0
0
0
0
0
0
0
0
0
0
0
0
0
0
*** END OBJECT DOC ***
LNX StepSequencer Doc v1.1
9
32
0
1
0.5
36
4
4
0
2
1
1
0
0
0
0
0
0
0
0
0
0
0
0
0
0
0
0
0
0
0
0
0
0
0
0
0
0
0
0
0
0
0
0
*** END OBJECT DOC ***
LNX PRSeq DOC v1.2
0
LNX Score DOC v1.4
32
0
256
2.578125
11
0
673
1
16
2
50
48
16
0.78740157480315
36
32
16
0.78740157480315
36
48
16
0.78740157480315
40
0
32
0.78740157480315
47
0
32
0.78740157480315
52
32
16
0.78740157480315
50
112
16
0.78740157480315
36
96
16
0.78740157480315
40
64
32
0.78740157480315
36
112
16
0.78740157480315
47
64
32
0.78740157480315
52
96
16
0.78740157480315
62
208
14
0.78740157480315
50
176
16
0.78740157480315
36
224
16
0.78740157480315
40
128
32
0.78740157480315
36
160
16
0.78740157480315
59
224
15
0.78740157480315
62
144
14
0.78740157480315
47
128
32
0.78740157480315
52
160
16
0.78740157480315
40
192
32
0.78740157480315
52
224
16
0.78740157480315
36
240
16
0.78740157480315
47
192
32
0.78740157480315
64
128
14
0.78740157480315
36
176
16
0.78740157480315
60
176
15
0.78740157480315
50
240
16
0.78740157480315
59
160
15
0.78740157480315
64
192
14
0.78740157480315
60
240
15
0.78740157480315
*** END Score DOC ***
*** END PRSeq DOC ***
*** END INSTRUMENT DOC ***
