SC BumNote2 Doc v1.6
Template Version v1.2
LNX_BumNote2
Bum Note 2
73
0
0
1
5.0630128407238
0.333712640625
0.02375
0
9.7572216751422
0
0
35.734375
50
11
60
0
-0.1862890625
0
0.110078125
-inf
0.2
0.2
0.13972422207097
4
1
4
0.001
0.72
0.3944921875
0
127
0
-1
-inf
0.273125
0
1
1
-5.8686163535672
1
0
-4
0
1
-1.2031342302775
0
0.7
-5.5497395833333
0.2886787109375
0
-50
0.8218359375
0
0.001
0.8
-4
0
1
4.0578634235631
0
0
52
0
0.858671875
0
0
10.312159207179
4.7629582668441
0
0
1
0
1
1
4
1
0
1
0
*** MIDI Control Doc v1.1
0
*** End MIDI Control Doc ***
6
LNX StepSequencer Doc v1.1
9
32
0
1
0.5
36
32
4
0
2
1
1
0
0
0
0
0
0
0
0
0
0
0
0
0
0
0
0
0
0
0
0
0
0
0
0
0
0
0
0
0
0
0
0
*** END OBJECT DOC ***
LNX StepSequencer Doc v1.1
9
32
0
1
0.5
36
32
4
0
2
1
1
0
0
0
0
0
0
0
0
0
0
0
0
0
0
0
0
0
0
0
0
0
0
0
0
0
0
0
0
0
0
0
0
*** END OBJECT DOC ***
LNX StepSequencer Doc v1.1
9
32
0
1
0.5
36
32
4
0
2
1
1
0
0
0
0
0
0
0
0
0
0
0
0
0
0
0
0
0
0
0
0
0
0
0
0
0
0
0
0
0
0
0
0
*** END OBJECT DOC ***
LNX StepSequencer Doc v1.1
9
32
0
1
0.5
36
32
4
0
2
1
1
-1
-1
-1
-1
-1
-1
-1
-1
-1
-1
-1
-1
-1
-1
-1
-1
-1
-1
-1
-1
-1
-1
-1
-1
-1
-1
-1
-1
-1
-1
-1
-1
*** END OBJECT DOC ***
LNX StepSequencer Doc v1.1
9
32
0
1
0.5
36
32
4
0
2
1
1
0
0
0
0
0
0
0
0
0
0
0
0
0
0
0
0
0
0
0
0
0
0
0
0
0
0
0
0
0
0
0
0
*** END OBJECT DOC ***
LNX StepSequencer Doc v1.1
9
32
0
1
0.5
36
32
4
0
2
1
1
0
0
0
0
0
0
0
0
0
0
0
0
0
0
0
0
0
0
0
0
0
0
0
0
0
0
0
0
0
0
0
0
*** END OBJECT DOC ***
LNX PRSeq DOC v1.2
0
LNX Score DOC v1.4
8
0
64
10.3125
11
0
648
1
16
2
40
0
47.834317993434
0.78740157480315
55
34.302243675404
13.635512250634
0.78740157480315
59
40.383190319635
13.577196339146
0.78740157480315
57
37.158869135656
13.805768221791
0.78740157480315
60
44.223083708412
16.07568048742
0.78740157480315
62
48.988283683829
14.190865628718
0.78740157480315
48
30.867230480758
36.606487500586
0.78740157480315
52
0.082074189867247
47.675807586811
0.78740157480315
*** END Score DOC ***
*** END PRSeq DOC ***
*** END INSTRUMENT DOC ***
