SC BumNote2 Doc v1.4
Template Version v1.2
LNX_BumNote2
03
71
0
0
1
-1.5285662602498
0.88979902369792
0.6024609375
0.1645328125
2.9060346029089
0.09697265625
-15.113706578204
9.3167317708333
0.181640625
11
60
-9
-0.06890625
-9
0.263984375
-43.536219428429
-0.1341796875
0.2
0.01
4
0
0.1237687739736
0.001
0.7607572265625
0
0
127
0
2
-inf
0.27556640625
0.54390625
1
1
0
1
0
-4.026171875
0
1
-12.569630897699
0
0.7
-20.98046875
0.73214501953125
0
-2.529296875
0.6775390625
0.10537109375
0.001
0.8
-4
0.51921875
0
1
5
1
67
1
0
0
0
1
1
0
0
0
0
0
1
0
1
0
*** MIDI Control Doc v1.1
0
*** End MIDI Control Doc ***
6
LNX StepSequencer Doc v1.1
9
32
0
1
0.5
36
16
4
0
2
1
1
1
1
0
0
1
0
1
0
0
1
1
0
1
0
1
1
0
0
0
0
0
0
0
0
0
0
0
0
0
0
0
0
*** END OBJECT DOC ***
LNX StepSequencer Doc v1.1
9
32
0
1
0.5
36
1
4
0
4
1
1
1
1
1
0
1
0
0
0
0
0
0
0
0
0
0
0
0
0
0
0
0
0
0
0
0
0
0
0
0
0
0
0
*** END OBJECT DOC ***
LNX StepSequencer Doc v1.1
9
32
0
1
0.5
36
8
4
0
2
1
1
1
1
0
1
1
0
1
0
0
0
0
0
0
0
0
0
0
0
0
0
0
0
0
0
0
0
0
0
0
0
0
0
*** END OBJECT DOC ***
LNX StepSequencer Doc v1.1
9
32
0
1
0.5
36
8
4
0
3
1
1
52
43
54
67
58
48
60
39
-1
60
60
64
-1
63
-1
-1
50
-1
53
-1
-1
-1
55
51
-1
-1
55
-1
-1
52
-1
-1
*** END OBJECT DOC ***
LNX StepSequencer Doc v1.1
9
32
0
1
0.5
36
8
4
0
3
1
1
0
0
0
0
1
1
0
1
0
0
0
0
0
1
0
0
0
0
1
0
0
0
0
0
0
0
1
0
0
0
0
0
*** END OBJECT DOC ***
LNX StepSequencer Doc v1.1
9
32
0
1
0.5
36
8
4
0
3
1
1
0.45382612179487
0
0
1
0.58037860576923
0
0
0.84059495192308
0
0
0.6142327724359
0
0
0
0
0.76587540064103
0
0
0
0.92643229166667
0
0.35106169871795
0
0
0.72906650641026
0
0
0.44861778846154
0
0
0.90469751602564
0.12705328525641
*** END OBJECT DOC ***
*** END INSTRUMENT DOC ***
