SC BumNote2 Doc v1.4
Template Version v1.2
LNX_BumNote2
wobbly melody
71
0
0
1
4.0561853633485
0.970745
0.5283203125
0.0295052734375
2.9060346029089
0.09697265625
-inf
7.341796875
25.375
11
60
-16
0
0
0
-inf
0.2861328125
0.2
0.01
1.407109375
0
0.10655150519958
0.001
1.0341345703125
0
0
127
0
2
-inf
0.31921875
-0.27703125
1
1
0
1
0
-0.98203125
0
1
-17.672664774726
1
0.7
-10.4380859375
0.9336767578125
0
17.65625
0.6775390625
0.091328125
0.001
0.8
-4
0
0
1
5
1
55
0
0
0
0
1
1
0
0
0
0
0
1
0
1
0
*** MIDI Control Doc v1.1
0
*** End MIDI Control Doc ***
6
LNX StepSequencer Doc v1.1
9
32
0
1
0.5
36
4
4
0
2
1
1
1
0
1
0
0
0
0
0
0
0
0
0
0
0
0
0
0
0
0
0
0
0
0
0
0
0
0
0
0
0
0
0
*** END OBJECT DOC ***
LNX StepSequencer Doc v1.1
9
32
0
1
0.5
36
5
4
0
2
1
1
0
1
0
0
0
0
0
0
0
0
0
0
0
0
0
0
0
0
0
0
0
0
0
0
0
0
0
0
0
0
0
0
*** END OBJECT DOC ***
LNX StepSequencer Doc v1.1
9
32
0
1
0.5
36
8
4
0
2
1
1
1
1
0
1
1
0
1
0
0
0
0
0
0
0
0
0
0
0
0
0
0
0
0
0
0
0
0
0
0
0
0
0
*** END OBJECT DOC ***
LNX StepSequencer Doc v1.1
9
32
0
1
0.5
36
32
4
0
2
1
1
52
56
-1
47
58
67
-1
63
-1
60
60
64
-1
63
-1
-1
50
-1
53
-1
-1
-1
55
51
-1
-1
55
-1
-1
52
-1
-1
*** END OBJECT DOC ***
LNX StepSequencer Doc v1.1
9
32
0
1
0.5
36
32
4
0
2
1
1
0
0
0
1
0
0
0
1
0
0
0
0
0
1
0
0
0
0
1
0
0
0
0
0
0
0
1
0
0
0
0
0
*** END OBJECT DOC ***
LNX StepSequencer Doc v1.1
9
32
0
1
0.5
36
4
4
0
2
1
1
0.99053485576923
0.38616786858974
0.95542868589744
0.5829827724359
0
0
0
0.46254006410256
0
0
0.6142327724359
0
0
0
0
0.76587540064103
0
0
0
0.92643229166667
0
0.35106169871795
0
0
0.72906650641026
0
0
0.44861778846154
0
0
0.90469751602564
0
*** END OBJECT DOC ***
*** END INSTRUMENT DOC ***
