SC BumNote2 Doc v1.6
Template Version v1.2
LNX_BumNote2
short nice acid STAB
75
0
0
1
6
0.9584375
0.391171875
0
0.585171875
0
0.530390625
-27.903645833333
14.248046875
11
60
-8
0.00039062499999987
-10
0.0146484375
-16.64867750192
1
0.5076953125
0.00628767578125
0.343125
0
0.01
0
0.5127244140625
0.21625
0
127
0
-1
-18.583569904187
0.24509765625
0.23140625
0
1
0
1
0
-4.358203125
0
1
0
1
0.54776539522059
10.445703125
0.7414453125
-0.0092187499999999
-21.23828125
-0.62375
0
0.001
0.8
-4
1
1
1
0
0
48
1
0
0
0
1
1
0
0
0
0
0
0
8
1
1
1
0
1
0
*** MIDI Control Doc v1.2
0
0
*** End MIDI Control Doc ***
6
LNX StepSequencer Doc v1.1
9
32
0
1
0.5
36
10
4
0
2
1
1
1
0
0
0
0
0
1
0
1
0
0
0
0
0
0
0
0
0
0
0
0
0
0
0
0
0
0
0
0
0
0
0
*** END OBJECT DOC ***
LNX StepSequencer Doc v1.1
9
32
0
1
0.5
36
6
4
0
2
1
1
0
0
1
0
1
0
0
0
0
0
0
0
0
0
0
0
0
0
0
0
0
0
0
0
0
0
0
0
0
0
0
0
*** END OBJECT DOC ***
LNX StepSequencer Doc v1.1
9
32
0
1
0.5
36
32
4
0
2
1
1
1
0
0
0
0
0
0
0
1
0
0
1
0
1
0
0
1
0
0
0
0
0
1
0
1
0
0
0
0
0
0
0
*** END OBJECT DOC ***
LNX StepSequencer Doc v1.1
9
32
0
1
0.5
36
6
4
0
2
1
1
42
48
40
51
43
42
-1
-1
-1
-1
-1
-1
-1
-1
-1
-1
-1
-1
-1
-1
-1
-1
-1
-1
-1
-1
-1
-1
-1
-1
-1
-1
*** END OBJECT DOC ***
LNX StepSequencer Doc v1.1
9
32
0
1
0.5
36
6
4
0
2
1
1
0
0
0
0
0
0
0
0
0
0
0
0
0
0
0
0
0
0
0
0
0
0
0
0
0
0
0
0
0
0
0
0
*** END OBJECT DOC ***
LNX StepSequencer Doc v1.1
9
32
0
1
0.5
36
6
4
0
2
1
1
0
0
0
0
0
0
0
0
0
0
0
0
0
0
0
0
0
0
0
0
0
0
0
0
0
0
0
0
0
0
0
0
*** END OBJECT DOC ***
LNX PRSeq DOC v1.2
0
LNX Score DOC v1.4
0
0
64
22
15
0
0
1
16
1
*** END Score DOC ***
*** END PRSeq DOC ***
*** END INSTRUMENT DOC ***
