SC CodeFX Doc v1.4
Template Version v1.1
LNX_CodeFX
a PV_MagFreezer Delay
19
3
0
1
-1.1050906843523
0
0
1
0
0
127
-2
-inf
1
8
0
1
-inf
266
308
12
0
1
-6.1127176008208
0
0
1
0
0
127
-2
-inf
7
8
0
1
-4.4504963984064
263
262
9
0
1
-6.1127176008208
0
0
1
0
0
127
-2
-inf
7
8
0
1
-4.4504963984064
263
262
9
0
1
-6.1127176008208
0
0
1
0
0
127
-2
-inf
7
8
0
1
-4.4504963984064
263
262
9
Preset 0
Preset 1
Preset 2
1
0
1
0
*** MIDI Control Doc v1.1
0
*** End MIDI Control Doc ***
633
47
47
32
80
86
95
77
97
103
70
114
101
101
122
101
32
47
47
32
10
10
83
121
110
116
104
68
101
102
40
34
76
78
88
95
77
97
103
70
114
101
101
122
101
34
44
32
123
124
111
117
116
44
32
97
109
112
44
32
105
110
44
32
105
110
65
109
112
44
32
115
101
110
100
79
117
116
44
32
115
101
110
100
65
109
112
44
32
112
111
108
108
44
32
102
102
116
44
32
116
104
114
101
115
104
44
116
105
109
101
44
102
101
101
100
124
10
9
10
9
118
97
114
32
115
105
103
110
97
108
32
61
32
73
110
46
97
114
40
105
110
44
32
50
41
32
42
32
105
110
65
109
112
59
32
32
32
32
32
32
32
32
32
32
32
32
32
32
32
47
47
32
105
110
112
117
116
32
115
105
103
110
97
108
10
9
118
97
114
32
99
104
97
105
110
59
32
10
9
10
9
115
105
103
110
97
108
32
61
32
70
98
40
123
124
102
101
101
100
98
97
99
107
124
9
10
9
10
32
9
9
99
104
97
105
110
32
61
32
70
70
84
40
32
123
76
111
99
97
108
66
117
102
40
50
42
42
102
102
116
41
125
33
50
32
44
32
115
105
103
110
97
108
43
40
102
101
101
100
98
97
99
107
42
102
101
101
100
41
41
59
10
9
10
9
9
99
104
97
105
110
32
61
32
80
86
95
77
97
103
70
114
101
101
122
101
40
99
104
97
105
110
44
32
115
105
103
110
97
108
46
97
98
115
32
42
32
116
104
114
101
115
104
32
45
48
46
48
49
41
59
10
9
10
9
32
9
73
70
70
84
40
99
104
97
105
110
41
59
32
32
32
32
32
32
32
32
32
32
32
32
32
32
32
32
32
32
32
32
32
32
32
32
32
32
32
32
47
47
32
70
70
84
32
116
111
32
115
105
103
110
97
108
10
9
10
9
125
44
49
44
116
105
109
101
41
59
10
9
10
9
10
9
76
78
88
95
79
117
116
40
115
105
103
110
97
108
44
111
117
116
44
97
109
112
44
48
44
115
101
110
100
79
117
116
44
115
101
110
100
65
109
112
41
59
32
32
32
32
32
32
32
47
47
32
111
117
116
112
117
116
32
115
105
103
110
97
108
10
9
10
125
44
10
10
114
97
116
101
115
58
32
110
105
108
33
55
32
43
43
32
91
92
105
114
93
44
32
47
47
32
102
102
116
32
109
117
115
116
32
98
101
32
105
110
105
116
105
97
108
32
114
97
116
101
10
10
109
101
116
97
100
97
116
97
58
32
40
32
115
112
101
99
115
58
32
40
32
102
105
108
116
70
114
101
113
58
92
102
114
101
113
44
32
113
58
92
117
110
105
112
111
108
97
114
44
32
116
104
114
101
115
104
58
91
48
44
49
93
44
32
102
102
116
58
92
102
102
116
32
41
41
41
3
4
volume
MVC_MyKnob3
*** MVC_View Document v1 ***
10
0
181
20
26
26
pin
0
0
0
1
background
0.23967417635659
0.23967417635659
0.23967417635659
0.29642078488372
numberUp
0
0
0
1
off
0
0
0
1
on
0.77592054263566
1
0.9689773716367
1
midiLearn
0
1
1
1
numberDown
1
1
1
1
label
1
1
1
1
disabled
0.3
0.3
0.3
1
focus
0
0
0
0
*** END MVC_View Document ***
inAmp
MVC_MyKnob3
*** MVC_View Document v1 ***
10
0
26
20
26
26
pin
0
0
0
1
background
0.23967417635659
0.23967417635659
0.23967417635659
0.29642078488372
numberUp
0
0
0
1
off
0
0
0
1
on
0.77592054263566
1
0.9689773716367
1
midiLearn
0
1
1
1
numberDown
1
1
1
1
label
1
1
1
1
disabled
0.3
0.3
0.3
1
focus
0
0
0
0
*** END MVC_View Document ***
sendAmp
MVC_MyKnob3
*** MVC_View Document v1 ***
10
0
103
20
26
26
pin
0
0
0
1
background
0.23967417635659
0.23967417635659
0.23967417635659
0.29642078488372
numberUp
0
0
0
1
off
0
0
0
1
on
0.77592054263566
1
0.9689773716367
1
midiLearn
0
1
1
1
numberDown
1
1
1
1
label
1
1
1
1
disabled
0.3
0.3
0.3
1
focus
0
0
0
0
*** END MVC_View Document ***
8
MVC_SmoothSlider
0.41765046296296
*** MVC_View Document v1 ***
12
0
42
90
141
45
backgroundDisabled
0.25
0.25
0.25
1
numberDown
1
0.5
0
1
midiLearn
0
1
1
1
background
0.23967417635659
0.23967417635659
0.23967417635659
0.29642078488372
hilite
0.63396266030909
0.63098349192131
0.70760658914729
1
knob
0.77216569767442
0.99279738942503
1
1
border
0
0
0
1
numberUp
0
0
0
1
knobDisabled
0.6
0.6
0.6
1
label
1
1
1
1
disabled
0.3
0.3
0.3
1
focus
0
0
0
0
*** END MVC_View Document ***
0
MVC_SmoothSlider
13
*** MVC_View Document v1 ***
12
0
123
66
60
18
backgroundDisabled
0.25
0.25
0.25
1
numberDown
1
0.5
0
1
midiLearn
0
1
1
1
background
0.23967417635659
0.23967417635659
0.23967417635659
0.29642078488372
hilite
0.63396266030909
0.63098349192131
0.70760658914729
1
knob
0.77216569767442
0.99279738942503
1
1
border
0
0
0
1
numberUp
0
0
0
1
knobDisabled
0.6
0.6
0.6
1
label
1
1
1
1
disabled
0.3
0.3
0.3
1
focus
0
0
0
0
*** END MVC_View Document ***
10
MVC_SmoothSlider
0.70300925925926
*** MVC_View Document v1 ***
12
0
42
171
141
24
backgroundDisabled
0.25
0.25
0.25
1
numberDown
1
0.5
0
1
midiLearn
0
1
1
1
background
0.23967417635659
0.23967417635659
0.23967417635659
0.29642078488372
hilite
0.63396266030909
0.63098349192131
0.70760658914729
1
knob
0.77216569767442
0.99279738942503
1
1
border
0
0
0
1
numberUp
0
0
0
1
knobDisabled
0.6
0.6
0.6
1
label
1
1
1
1
disabled
0.3
0.3
0.3
1
focus
0
0
0
0
*** END MVC_View Document ***
9
MVC_SmoothSlider
0.15447265625
*** MVC_View Document v1 ***
12
0
42
141
141
24
backgroundDisabled
0.25
0.25
0.25
1
numberDown
1
0.5
0
1
midiLearn
0
1
1
1
background
0.23967417635659
0.23967417635659
0.23967417635659
0.29642078488372
hilite
0.63396266030909
0.63098349192131
0.70760658914729
1
knob
0.77216569767442
0.99279738942503
1
1
border
0
0
0
1
numberUp
0
0
0
1
knobDisabled
0.6
0.6
0.6
1
label
1
1
1
1
disabled
0.3
0.3
0.3
1
focus
0
0
0
0
*** END MVC_View Document ***
0
0
0
nil
nil
nil
*** END INSTRUMENT DOC ***
