SC CodeFX Doc v1.4
Template Version v1.1
LNX_CodeFX
compressor 1
19
0
0
1
-1.2182425783253
0
0
1
0
0
127
-2
-inf
0
8
0
1
6
263
290
9
1
0
1
0
*** MIDI Control Doc v1.1
0
*** End MIDI Control Doc ***
578
10
47
47
32
65
32
115
105
109
112
108
101
32
70
88
32
116
101
109
112
108
97
116
101
10
10
83
121
110
116
104
68
101
102
40
34
76
78
88
95
67
111
109
112
97
110
100
101
114
34
44
32
123
124
111
117
116
44
32
97
109
112
44
32
105
110
44
32
105
110
65
109
112
44
32
115
101
110
100
79
117
116
44
32
115
101
110
100
65
109
112
44
32
112
111
108
108
44
32
116
104
114
101
115
104
44
115
108
111
112
101
65
98
111
118
101
44
32
115
108
111
112
101
66
101
108
111
119
44
32
99
108
97
109
112
44
32
114
101
108
97
120
124
10
9
10
9
118
97
114
32
115
105
103
110
97
108
32
61
32
73
110
46
97
114
40
105
110
44
32
50
41
32
42
32
105
110
65
109
112
59
10
9
47
47
115
105
103
110
97
108
32
61
32
68
70
77
49
46
97
114
40
115
105
103
110
97
108
44
32
102
105
108
116
70
114
101
113
44
32
113
41
59
10
9
10
9
115
105
103
110
97
108
32
61
32
67
111
109
112
97
110
100
101
114
46
97
114
40
115
105
103
110
97
108
44
115
105
103
110
97
108
44
10
9
9
116
104
114
101
115
104
58
116
104
114
101
115
104
46
100
98
97
109
112
44
10
9
9
115
108
111
112
101
66
101
108
111
119
58
32
115
108
111
112
101
66
101
108
111
119
44
10
9
9
115
108
111
112
101
65
98
111
118
101
58
32
115
108
111
112
101
65
98
111
118
101
44
10
9
9
99
108
97
109
112
84
105
109
101
58
32
99
108
97
109
112
44
10
9
9
114
101
108
97
120
84
105
109
101
58
32
114
101
108
97
120
10
9
10
9
41
59
10
9
10
9
47
47
32
115
105
103
110
97
108
46
112
111
108
108
40
112
111
108
108
41
59
32
32
32
32
32
32
32
32
32
32
32
32
32
32
32
47
47
32
117
115
101
32
102
111
114
32
100
101
98
117
103
103
105
110
103
10
9
10
9
76
78
88
95
79
117
116
40
115
105
103
110
97
108
44
111
117
116
44
97
109
112
44
48
44
115
101
110
100
79
117
116
44
115
101
110
100
65
109
112
41
59
10
9
10
125
44
32
109
101
116
97
100
97
116
97
58
32
40
32
115
112
101
99
115
58
32
40
116
104
114
101
115
104
58
92
100
98
44
32
99
108
97
109
112
58
91
48
46
48
48
50
44
48
46
49
44
92
101
120
112
93
44
32
114
101
108
97
120
58
91
48
46
48
48
50
44
48
46
49
44
92
101
120
112
93
41
41
41
10
10
3
5
volume
MVC_MyKnob3
*** MVC_View Document v1 ***
10
0
181
20
26
26
pin
0
0
0
1
background
0
0
0
0.5
numberUp
0
0
0
1
off
0
0
0
1
on
1
0.55038759689922
1
1
midiLearn
0
1
1
1
numberDown
1
1
1
1
label
1
1
1
1
disabled
0.3
0.3
0.3
1
focus
0
0
0
0
*** END MVC_View Document ***
inAmp
MVC_MyKnob3
*** MVC_View Document v1 ***
10
0
26
20
26
26
pin
0
0
0
1
background
0
0
0
0.5
numberUp
0
0
0
1
off
0
0
0
1
on
1
0.55038759689922
1
1
midiLearn
0
1
1
1
numberDown
1
1
1
1
label
1
1
1
1
disabled
0.3
0.3
0.3
1
focus
0
0
0
0
*** END MVC_View Document ***
sendAmp
MVC_MyKnob3
*** MVC_View Document v1 ***
10
0
103
20
26
26
pin
0
0
0
1
background
0
0
0
0.5
numberUp
0
0
0
1
off
0
0
0
1
on
1
0.55038759689922
1
1
midiLearn
0
1
1
1
numberDown
1
1
1
1
label
1
1
1
1
disabled
0.3
0.3
0.3
1
focus
0
0
0
0
*** END MVC_View Document ***
9
MVC_MyKnob
0.515
*** MVC_View Document v1 ***
9
0
155
84
35
35
pin
0
0
0
1
numberUp
0
0
0
1
off
0
0
0
1
on
1
0.55038759689922
1
1
midiLearn
0
1
1
1
numberDown
1
0.5
0
1
label
1
1
1
1
disabled
0.3
0.3
0.3
1
focus
0
0
0
0
*** END MVC_View Document ***
10
MVC_MyKnob
0.011859362595027
*** MVC_View Document v1 ***
9
0
20
150
35
35
pin
0
0
0
1
numberUp
0
0
0
1
off
0
0
0
1
on
1
0.55038759689922
1
1
midiLearn
0
1
1
1
numberDown
1
0.5
0
1
label
1
1
1
1
disabled
0.3
0.3
0.3
1
focus
0
0
0
0
*** END MVC_View Document ***
11
MVC_MyKnob
0.0042056613225875
*** MVC_View Document v1 ***
9
0
74
150
35
35
pin
0
0
0
1
numberUp
0
0
0
1
off
0
0
0
1
on
1
0.55038759689922
1
1
midiLearn
0
1
1
1
numberDown
1
0.5
0
1
label
1
1
1
1
disabled
0.3
0.3
0.3
1
focus
0
0
0
0
*** END MVC_View Document ***
7
MVC_MyKnob
-15.488645731211
*** MVC_View Document v1 ***
9
0
20
84
35
35
pin
0
0
0
1
numberUp
0
0
0
1
off
0
0
0
1
on
1
0.55038759689922
1
1
midiLearn
0
1
1
1
numberDown
1
0.5
0
1
label
1
1
1
1
disabled
0.3
0.3
0.3
1
focus
0
0
0
0
*** END MVC_View Document ***
8
MVC_MyKnob
0.53
*** MVC_View Document v1 ***
9
0
74
84
35
35
pin
0
0
0
1
numberUp
0
0
0
1
off
0
0
0
1
on
1
0.55038759689922
1
1
midiLearn
0
1
1
1
numberDown
1
0.5
0
1
label
1
1
1
1
disabled
0.3
0.3
0.3
1
focus
0
0
0
0
*** END MVC_View Document ***
*** END INSTRUMENT DOC ***
