SC CodeFX Doc v1.4
Template Version v1.2
LNX_CodeFX
compressor wslib
19
0
0
1
-0.01046267330479
0
0
1
0
0
127
-2
-inf
0
8
0
1
0.12472323529099
263
290
9
1
0
1
0
*** MIDI Control Doc v1.2
0
0
*** End MIDI Control Doc ***
509
10
47
47
32
65
32
115
105
109
112
108
101
32
70
88
32
116
101
109
112
108
97
116
101
10
10
83
121
110
116
104
68
101
102
40
34
76
78
88
95
67
111
109
112
97
110
100
101
114
34
44
32
123
124
111
110
44
32
111
117
116
44
32
97
109
112
44
32
105
110
44
32
105
110
65
109
112
44
32
115
101
110
100
79
117
116
44
32
115
101
110
100
65
109
112
44
32
112
111
108
108
44
32
116
104
114
101
115
104
44
32
114
97
116
105
111
44
107
110
101
101
44
10
10
9
97
116
116
97
99
107
44
114
101
108
101
97
115
101
124
10
9
10
9
118
97
114
32
115
105
103
110
97
108
44
32
115
105
103
110
97
108
73
110
32
61
32
73
110
46
97
114
40
105
110
44
32
50
41
32
42
32
105
110
65
109
112
59
10
9
10
9
115
105
103
110
97
108
32
61
32
83
111
102
116
75
110
101
101
67
111
109
112
114
101
115
115
111
114
46
97
114
40
115
105
103
110
97
108
73
110
44
115
105
103
110
97
108
73
110
44
32
116
104
114
101
115
104
44
32
114
97
116
105
111
44
107
110
101
101
44
97
116
116
97
99
107
44
114
101
108
101
97
115
101
44
48
41
59
10
9
10
9
47
47
32
115
105
103
110
97
108
46
112
111
108
108
40
112
111
108
108
41
59
32
32
32
32
32
32
32
32
32
32
32
32
32
32
32
47
47
32
117
115
101
32
102
111
114
32
100
101
98
117
103
103
105
110
103
10
9
10
9
76
78
88
95
70
88
79
117
116
40
115
105
103
110
97
108
44
115
105
103
110
97
108
73
110
44
111
110
44
111
117
116
44
97
109
112
44
48
44
115
101
110
100
79
117
116
44
115
101
110
100
65
109
112
41
59
32
10
9
10
125
44
32
109
101
116
97
100
97
116
97
58
32
40
32
115
112
101
99
115
58
32
40
116
104
114
101
115
104
58
92
100
98
44
32
114
97
116
105
111
58
91
49
44
52
44
92
101
120
112
93
44
32
107
110
101
101
58
91
49
44
54
48
44
92
101
120
112
93
44
32
97
116
116
97
99
107
58
92
100
101
108
97
121
44
32
114
101
108
101
97
115
101
58
92
100
101
108
97
121
32
41
41
41
10
10
3
5
volume
MVC_MyKnob3
*** MVC_View Document v1 ***
10
0
181
20
26
26
pin
0
0
0
1
background
0
0
0
0.5
numberUp
0
0
0
1
off
0
0
0
1
on
1
0.55038759689922
1
1
midiLearn
0
1
1
1
numberDown
1
1
1
1
label
1
1
1
1
disabled
0.3
0.3
0.3
1
focus
0
0
0
0
*** END MVC_View Document ***
inAmp
MVC_MyKnob3
*** MVC_View Document v1 ***
10
0
26
20
26
26
pin
0
0
0
1
background
0
0
0
0.5
numberUp
0
0
0
1
off
0
0
0
1
on
1
0.55038759689922
1
1
midiLearn
0
1
1
1
numberDown
1
1
1
1
label
1
1
1
1
disabled
0.3
0.3
0.3
1
focus
0
0
0
0
*** END MVC_View Document ***
sendAmp
MVC_MyKnob3
*** MVC_View Document v1 ***
10
0
103
20
26
26
pin
0
0
0
1
background
0
0
0
0.5
numberUp
0
0
0
1
off
0
0
0
1
on
1
0.55038759689922
1
1
midiLearn
0
1
1
1
numberDown
1
1
1
1
label
1
1
1
1
disabled
0.3
0.3
0.3
1
focus
0
0
0
0
*** END MVC_View Document ***
12
MVC_MyKnob
0.0046521772159092
*** MVC_View Document v1 ***
9
0
20
150
35
35
pin
0
0
0
1
numberUp
0
0
0
1
off
0
0
0
1
on
1
0.55038759689922
1
1
midiLearn
0
1
1
1
numberDown
1
0.5
0
1
label
1
1
1
1
disabled
0.3
0.3
0.3
1
focus
0
0
0
0
*** END MVC_View Document ***
10
MVC_MyKnob
35.7815916429
*** MVC_View Document v1 ***
9
0
128
84
35
35
pin
0
0
0
1
numberUp
0
0
0
1
off
0
0
0
1
on
1
0.55038759689922
1
1
midiLearn
0
1
1
1
numberDown
1
0.5
0
1
label
1
1
1
1
disabled
0.3
0.3
0.3
1
focus
0
0
0
0
*** END MVC_View Document ***
11
MVC_MyKnob
0.041619501584396
*** MVC_View Document v1 ***
9
0
182
84
35
35
pin
0
0
0
1
numberUp
0
0
0
1
off
0
0
0
1
on
1
0.55038759689922
1
1
midiLearn
0
1
1
1
numberDown
1
0.5
0
1
label
1
1
1
1
disabled
0.3
0.3
0.3
1
focus
0
0
0
0
*** END MVC_View Document ***
8
MVC_MyKnob
-16.068389854164
*** MVC_View Document v1 ***
9
0
20
84
35
35
pin
0
0
0
1
numberUp
0
0
0
1
off
0
0
0
1
on
1
0.55038759689922
1
1
midiLearn
0
1
1
1
numberDown
1
0.5
0
1
label
1
1
1
1
disabled
0.3
0.3
0.3
1
focus
0
0
0
0
*** END MVC_View Document ***
9
MVC_MyKnob
1.3853720161572
*** MVC_View Document v1 ***
9
0
74
84
35
35
pin
0
0
0
1
numberUp
0
0
0
1
off
0
0
0
1
on
1
0.55038759689922
1
1
midiLearn
0
1
1
1
numberDown
1
0.5
0
1
label
1
1
1
1
disabled
0.3
0.3
0.3
1
focus
0
0
0
0
*** END MVC_View Document ***
*** END INSTRUMENT DOC ***
