SC CodeFX Doc v1.4
Template Version v1.2
LNX_CodeFX
Crossover Distortion
19
0
0
1
0
0
0
1
0
0
127
-2
-inf
0
8
0
1
0
286
377
9
0
0
0
0
*** MIDI Control Doc v1.2
0
0
*** End MIDI Control Doc ***
634
10
47
47
32
65
32
115
105
109
112
108
101
32
70
88
32
116
101
109
112
108
97
116
101
10
10
83
121
110
116
104
68
101
102
40
34
76
78
88
95
67
114
111
115
115
79
118
101
114
34
44
32
123
124
111
110
44
32
111
117
116
44
32
97
109
112
44
32
105
110
44
32
105
110
65
109
112
44
32
115
101
110
100
79
117
116
44
32
115
101
110
100
65
109
112
44
32
112
111
108
108
44
32
108
105
110
65
109
112
44
32
115
109
111
111
116
104
44
32
103
97
116
101
44
32
97
116
116
97
99
107
44
32
114
101
108
101
97
115
101
124
10
9
10
9
118
97
114
32
103
97
116
101
65
109
112
44
32
115
105
103
110
97
108
44
32
115
105
103
110
97
108
73
110
32
61
32
73
110
46
97
114
40
105
110
44
32
50
41
32
42
32
105
110
65
109
112
59
10
9
10
9
103
97
116
101
65
109
112
32
61
32
40
65
109
112
108
105
116
117
100
101
46
107
114
40
77
105
120
46
97
114
40
115
105
103
110
97
108
73
110
41
41
32
62
32
40
103
97
116
101
46
100
98
97
109
112
41
41
46
97
115
65
117
100
105
111
59
10
9
103
97
116
101
65
109
112
32
61
32
76
97
103
85
68
46
97
114
40
103
97
116
101
65
109
112
44
97
116
116
97
99
107
44
32
114
101
108
101
97
115
101
41
59
10
9
115
105
103
110
97
108
32
32
61
32
67
114
111
115
115
111
118
101
114
68
105
115
116
111
114
116
105
111
110
46
97
114
40
115
105
103
110
97
108
73
110
44
108
105
110
65
109
112
44
115
109
111
111
116
104
41
42
32
40
115
109
111
111
116
104
46
108
105
110
108
105
110
40
48
46
49
44
49
44
49
44
51
41
41
32
42
32
103
97
116
101
65
109
112
59
32
10
9
10
9
76
78
88
95
70
88
79
117
116
40
115
105
103
110
97
108
44
115
105
103
110
97
108
73
110
44
111
110
44
111
117
116
44
97
109
112
44
48
44
115
101
110
100
79
117
116
44
115
101
110
100
65
109
112
41
59
10
9
10
125
44
32
109
101
116
97
100
97
116
97
58
32
40
32
115
112
101
99
115
58
32
40
32
108
105
110
65
109
112
58
91
48
44
49
93
32
44
32
115
109
111
111
116
104
58
91
48
46
49
44
49
93
44
32
103
97
116
101
58
92
100
98
44
32
97
116
116
97
99
107
58
91
48
44
49
44
50
93
44
32
114
101
108
101
97
115
101
58
91
48
44
49
44
50
93
41
41
41
10
10
47
47
32
115
105
103
110
97
108
46
112
111
108
108
40
112
111
108
108
41
59
32
32
32
32
32
32
32
32
32
32
32
32
32
32
32
47
47
32
117
115
101
32
102
111
114
32
100
101
98
117
103
103
105
110
103
10
10
3
5
volume
MVC_MyKnob3
*** MVC_View Document v1 ***
10
0
181
20
26
26
pin
0.69104287790698
0.66818229479499
0.43267604125734
1
background
0
0
0
0.5
numberUp
0
0
0
1
off
0
0
0
1
on
0.95959758741352
1
0.82933624031008
1
midiLearn
0
1
1
1
numberDown
1
1
1
1
label
1
1
1
1
disabled
0.3
0.3
0.3
1
focus
0
0
0
0
*** END MVC_View Document ***
inAmp
MVC_MyKnob3
*** MVC_View Document v1 ***
10
0
26
20
26
26
pin
0.69104287790698
0.66818229479499
0.43267604125734
1
background
0
0
0
0.5
numberUp
0
0
0
1
off
0
0
0
1
on
0.95959758741352
1
0.82933624031008
1
midiLearn
0
1
1
1
numberDown
1
1
1
1
label
1
1
1
1
disabled
0.3
0.3
0.3
1
focus
0
0
0
0
*** END MVC_View Document ***
sendAmp
MVC_MyKnob3
*** MVC_View Document v1 ***
10
0
103
20
26
26
pin
0.69104287790698
0.66818229479499
0.43267604125734
1
background
0
0
0
0.5
numberUp
0
0
0
1
off
0
0
0
1
on
0.95959758741352
1
0.82933624031008
1
midiLearn
0
1
1
1
numberDown
1
1
1
1
label
1
1
1
1
disabled
0.3
0.3
0.3
1
focus
0
0
0
0
*** END MVC_View Document ***
9
MVC_MyKnob
0.917716796875
*** MVC_View Document v1 ***
9
0
110
80
100
100
pin
0.69104287790698
0.66818229479499
0.43267604125734
1
numberUp
0
0
0
1
off
0
0
0
1
on
0.95959758741352
1
0.82933624031008
1
midiLearn
0
1
1
1
numberDown
1
0.5
0
1
label
1
1
1
1
disabled
0.3
0.3
0.3
1
focus
0
0
0
0
*** END MVC_View Document ***
10
MVC_SmoothSlider
-31.880529523012
*** MVC_View Document v1 ***
13
0
220
80
20
190
backgroundDisabled
0.25
0.25
0.25
1
numberDown
1
0.5
0
1
midiLearn
0
1
1
1
background
0
0
0
0.37662337662338
hilite
0
0
0
0.32440043604651
knob
0.91548570736434
1
0.84480983527132
1
knobBorder
0
0
0
1
numberUp
0
0
0
1
knobDisabled
0.6
0.6
0.6
1
border
0
0
0
1
label
1
1
1
1
disabled
0.3
0.3
0.3
1
focus
0
0
0
0
*** END MVC_View Document ***
11
MVC_MyKnob
0
*** MVC_View Document v1 ***
9
0
50
210
60
60
pin
0.69104287790698
0.66818229479499
0.43267604125734
1
numberUp
0
0
0
1
off
0
0
0
1
on
0.95959758741352
1
0.82933624031008
1
midiLearn
0
1
1
1
numberDown
1
0.5
0
1
label
1
1
1
1
disabled
0.3
0.3
0.3
1
focus
0
0
0
0
*** END MVC_View Document ***
12
MVC_MyKnob
0.25910190758649
*** MVC_View Document v1 ***
9
0
110
210
60
60
pin
0.69104287790698
0.66818229479499
0.43267604125734
1
numberUp
0
0
0
1
off
0
0
0
1
on
0.95959758741352
1
0.82933624031008
1
midiLearn
0
1
1
1
numberDown
1
0.5
0
1
label
1
1
1
1
disabled
0.3
0.3
0.3
1
focus
0
0
0
0
*** END MVC_View Document ***
8
MVC_MyKnob
0.2404296875
*** MVC_View Document v1 ***
9
0
10
80
100
100
pin
0.69104287790698
0.66818229479499
0.43267604125734
1
numberUp
0
0
0
1
off
0
0
0
1
on
0.95959758741352
1
0.82933624031008
1
midiLearn
0
1
1
1
numberDown
1
0.5
0
1
label
1
1
1
1
disabled
0.3
0.3
0.3
1
focus
0
0
0
0
*** END MVC_View Document ***
*** END INSTRUMENT DOC ***
