SC CodeFX Doc v1.4
Template Version v1.2
LNX_CodeFX
Decimator (Smooth)
19
0
0
1
2.4999847745609
0
0
1
0
0
127
-2
-inf
0
8
0
1
0.013893084092291
263
294
9
1
0
1
0
*** MIDI Control Doc v1.2
0
0
*** End MIDI Control Doc ***
602
47
47
32
116
104
101
32
68
101
99
105
109
97
116
111
114
32
40
83
97
109
112
108
101
32
82
97
116
101
32
38
32
66
105
116
32
114
101
100
117
99
116
105
111
110
41
10
47
47
10
47
47
32
49
115
116
32
100
101
102
105
110
101
32
97
32
115
112
101
99
32
38
32
97
32
110
117
109
98
101
114
32
102
117
110
99
32
119
105
116
104
32
115
97
109
101
32
110
97
109
101
46
32
40
99
111
112
105
101
115
32
102
117
110
99
32
102
114
111
109
32
102
114
101
113
41
10
83
112
101
99
46
97
100
100
40
92
115
114
44
91
52
48
44
32
52
52
49
48
48
44
32
92
101
120
112
44
32
48
44
32
52
52
49
48
48
44
32
34
32
72
122
34
93
41
59
10
77
86
67
95
78
117
109
98
101
114
70
117
110
99
46
97
100
100
40
92
115
114
44
77
86
67
95
78
117
109
98
101
114
70
117
110
99
46
97
116
40
92
102
114
101
113
41
41
59
10
10
83
121
110
116
104
68
101
102
40
34
76
78
88
95
68
101
99
105
109
97
116
111
114
34
44
32
123
124
32
111
117
116
44
32
97
109
112
44
32
105
110
44
32
105
110
65
109
112
44
32
115
101
110
100
79
117
116
44
32
115
101
110
100
65
109
112
44
32
115
97
109
112
108
101
82
97
116
101
44
32
115
109
111
111
116
104
105
110
103
44
32
111
110
124
10
9
118
97
114
32
115
105
103
110
97
108
44
32
115
105
103
110
97
108
73
110
32
61
32
73
110
46
97
114
40
105
110
44
32
50
41
32
42
32
105
110
65
109
112
59
10
9
115
105
103
110
97
108
32
61
9
83
109
111
111
116
104
68
101
99
105
109
97
116
111
114
46
97
114
40
115
105
103
110
97
108
73
110
44
115
97
109
112
108
101
82
97
116
101
44
115
109
111
111
116
104
105
110
103
41
59
10
9
76
78
88
95
70
88
79
117
116
40
115
105
103
110
97
108
44
115
105
103
110
97
108
73
110
44
111
110
44
111
117
116
44
97
109
112
44
48
44
115
101
110
100
79
117
116
44
115
101
110
100
65
109
112
44
108
101
97
107
58
116
114
117
101
41
59
10
125
44
32
10
114
97
116
101
115
58
32
91
110
105
108
44
48
46
49
44
110
105
108
44
48
46
49
44
110
105
108
44
48
46
49
44
110
105
108
44
110
105
108
93
44
10
109
101
116
97
100
97
116
97
58
32
40
32
115
112
101
99
115
58
32
40
32
115
97
109
112
108
101
82
97
116
101
58
32
92
115
114
44
32
115
109
111
111
116
104
105
110
103
58
91
48
44
49
93
32
41
41
41
10
3
2
volume
MVC_MyKnob3
*** MVC_View Document v1 ***
10
0
181
20
26
26
pin
0
0
0
1
background
0
0
0
0.5
numberUp
0
0
0
1
off
0
0
0
1
on
0.82945736434109
0.86118622678926
1
1
midiLearn
0
1
1
1
numberDown
1
1
1
1
label
1
1
1
1
disabled
0.3
0.3
0.3
1
focus
0
0
0
0
*** END MVC_View Document ***
inAmp
MVC_MyKnob3
*** MVC_View Document v1 ***
10
0
26
20
26
26
pin
0
0
0
1
background
0
0
0
0.5
numberUp
0
0
0
1
off
0
0
0
1
on
0.82945736434109
0.86118622678926
1
1
midiLearn
0
1
1
1
numberDown
1
1
1
1
label
1
1
1
1
disabled
0.3
0.3
0.3
1
focus
0
0
0
0
*** END MVC_View Document ***
sendAmp
MVC_MyKnob3
*** MVC_View Document v1 ***
10
0
103
20
26
26
pin
0
0
0
1
background
0
0
0
0.5
numberUp
0
0
0
1
off
0
0
0
1
on
0.82945736434109
0.86118622678926
1
1
midiLearn
0
1
1
1
numberDown
1
1
1
1
label
1
1
1
1
disabled
0.3
0.3
0.3
1
focus
0
0
0
0
*** END MVC_View Document ***
7
MVC_MyKnob
0.660546875
*** MVC_View Document v1 ***
9
0
157
84
35
35
pin
0
0
0
1
numberUp
0
0
0
1
off
0
0
0
1
on
0.82945736434109
0.86118622678926
1
1
midiLearn
0
1
1
1
numberDown
1
0.5
0
1
label
1
1
1
1
disabled
0.3
0.3
0.3
1
focus
0
0
0
0
*** END MVC_View Document ***
6
MVC_MyKnob
44100
*** MVC_View Document v1 ***
9
0
36
82
100
100
pin
0
0
0
1
numberUp
0
0
0
1
off
0
0
0
1
on
0.82945736434109
0.86118622678926
1
1
midiLearn
0
1
1
1
numberDown
1
0.5
0
1
label
1
1
1
1
disabled
0.3
0.3
0.3
1
focus
0
0
0
0
*** END MVC_View Document ***
*** END INSTRUMENT DOC ***
