SC CodeFX Doc v1.4
Template Version v1.2
LNX_CodeFX
SC Code FX
19
0
0
1
0
0
0
1
0
0
127
-2
-inf
0
8
0
1
0
264
302
9
0
-1
1
0
*** MIDI Control Doc v1.2
0
0
*** End MIDI Control Doc ***
393
10
47
47
32
83
104
111
114
116
32
115
116
101
114
101
111
32
100
101
108
97
121
32
102
111
114
32
100
101
99
111
108
111
114
97
116
105
111
110
32
10
10
83
121
110
116
104
68
101
102
40
34
76
78
88
95
83
104
111
114
116
68
101
99
111
108
68
101
108
97
121
34
44
32
123
124
111
117
116
44
32
97
109
112
44
32
105
110
44
32
105
110
65
109
112
44
32
115
101
110
100
79
117
116
44
32
115
101
110
100
65
109
112
44
32
112
111
108
108
44
32
108
101
102
116
61
48
44
32
114
105
103
104
116
61
48
124
10
9
10
9
118
97
114
32
115
105
103
110
97
108
32
61
32
73
110
46
97
114
40
105
110
44
32
50
41
32
42
32
105
110
65
109
112
59
10
9
10
9
115
105
103
110
97
108
32
61
32
68
101
108
97
121
78
46
97
114
40
115
105
103
110
97
108
44
32
48
46
48
52
44
32
91
108
101
102
116
44
114
105
103
104
116
93
41
59
10
9
10
9
76
78
88
95
79
117
116
40
115
105
103
110
97
108
44
111
117
116
44
97
109
112
44
48
44
115
101
110
100
79
117
116
44
115
101
110
100
65
109
112
41
59
10
9
10
125
44
32
109
101
116
97
100
97
116
97
58
32
40
32
115
112
101
99
115
58
32
40
32
108
101
102
116
58
32
91
48
44
48
46
48
52
93
44
32
114
105
103
104
116
58
32
91
48
44
48
46
48
52
93
41
41
41
10
10
47
47
32
115
105
103
110
97
108
46
112
111
108
108
40
112
111
108
108
41
59
32
32
32
32
32
32
32
32
32
32
32
32
32
32
32
47
47
32
117
115
101
32
102
111
114
32
100
101
98
117
103
103
105
110
103
10
10
3
2
volume
MVC_MyKnob3
*** MVC_View Document v1 ***
10
0
181
20
26
26
pin
0.73083212209302
1
0.87436550175454
1
background
0
0
0
0.5
numberUp
0
0
0
1
off
0
0
0
1
on
0.73083212209302
1
0.87436550175454
1
midiLearn
0
1
1
1
numberDown
1
1
1
1
label
1
1
1
1
disabled
0.3
0.3
0.3
1
focus
0
0
0
0
*** END MVC_View Document ***
inAmp
MVC_MyKnob3
*** MVC_View Document v1 ***
10
0
26
20
26
26
pin
0.73083212209302
1
0.87436550175454
1
background
0
0
0
0.5
numberUp
0
0
0
1
off
0
0
0
1
on
0.73083212209302
1
0.87436550175454
1
midiLearn
0
1
1
1
numberDown
1
1
1
1
label
1
1
1
1
disabled
0.3
0.3
0.3
1
focus
0
0
0
0
*** END MVC_View Document ***
sendAmp
MVC_MyKnob3
*** MVC_View Document v1 ***
10
0
103
20
26
26
pin
0.73083212209302
1
0.87436550175454
1
background
0
0
0
0.5
numberUp
0
0
0
1
off
0
0
0
1
on
0.73083212209302
1
0.87436550175454
1
midiLearn
0
1
1
1
numberDown
1
1
1
1
label
1
1
1
1
disabled
0.3
0.3
0.3
1
focus
0
0
0
0
*** END MVC_View Document ***
7
MVC_MyKnob
0
*** MVC_View Document v1 ***
9
0
8
80
112
112
pin
0.73083212209302
1
0.87436550175454
1
numberUp
0
0
0
1
off
0
0
0
1
on
0.73083212209302
1
0.87436550175454
1
midiLearn
0
1
1
1
numberDown
1
0.5
0
1
label
1
1
1
1
disabled
0.3
0.3
0.3
1
focus
0
0
0
0
*** END MVC_View Document ***
8
MVC_MyKnob
0
*** MVC_View Document v1 ***
9
0
120
80
112
112
pin
0.73083212209302
1
0.87436550175454
1
numberUp
0
0
0
1
off
0
0
0
1
on
0.73083212209302
1
0.87436550175454
1
midiLearn
0
1
1
1
numberDown
1
0.5
0
1
label
1
1
1
1
disabled
0.3
0.3
0.3
1
focus
0
0
0
0
*** END MVC_View Document ***
*** END INSTRUMENT DOC ***
