SC CodeFX Doc v1.4
Template Version v1.1
LNX_CodeFX
Delay Chorus
19
3
0
1
0.011103784184142
0
0
1
0
0
127
-2
-inf
0
8
0
1
-0.00059908968685475
263
315
9
0
1
-0.827849086759
0
0
1
0
0
127
-2
-inf
0
8
0
1
-6.8248545855731
263
295
9
0
1
-0.827849086759
0
0
1
0
0
127
-2
-inf
0
8
0
1
-6.8248545855731
263
295
9
0
1
-0.827849086759
0
0
1
0
0
127
-2
-inf
0
8
0
1
-6.8248545855731
263
295
9
Big
Medium
Small
1
0
1
0
*** MIDI Control Doc v1.1
0
*** End MIDI Control Doc ***
574
10
47
47
32
116
104
101
32
67
104
111
114
117
115
32
38
32
70
101
101
100
98
97
99
107
32
101
102
102
101
99
116
10
9
10
83
121
110
116
104
68
101
102
40
34
76
78
88
95
68
101
108
97
121
67
104
111
114
117
115
34
44
32
123
124
32
111
117
116
44
32
97
109
112
44
32
105
110
44
32
105
110
65
109
112
44
32
115
101
110
100
79
117
116
44
32
115
101
110
100
65
109
112
44
32
115
112
101
101
100
44
32
100
101
112
116
104
44
102
98
44
116
105
109
101
124
10
9
10
9
118
97
114
32
115
105
103
110
97
108
44
32
115
105
103
44
32
109
111
100
115
44
32
110
111
68
101
108
97
121
115
61
52
44
32
115
105
103
50
59
10
10
9
115
105
103
110
97
108
32
61
32
73
110
46
97
114
40
105
110
44
32
50
41
42
105
110
65
109
112
59
10
9
115
105
103
110
97
108
32
61
32
70
98
40
123
124
102
101
101
100
98
97
99
107
124
9
10
9
9
109
111
100
115
32
61
32
123
32
124
105
124
10
9
9
9
83
105
110
79
115
99
46
107
114
40
115
112
101
101
100
32
42
32
108
105
110
108
105
110
40
48
44
110
111
68
101
108
97
121
115
44
48
46
57
44
49
46
49
49
49
41
44
32
105
44
32
100
101
112
116
104
44
32
48
46
48
49
41
59
10
9
9
125
32
33
32
110
111
68
101
108
97
121
115
59
10
9
9
68
101
108
97
121
67
46
97
114
40
115
105
103
110
97
108
43
40
102
101
101
100
98
97
99
107
42
102
98
41
44
32
48
46
48
48
52
53
44
32
109
111
100
115
41
59
10
9
125
44
49
44
116
105
109
101
41
59
10
10
9
76
78
88
95
79
117
116
40
115
105
103
110
97
108
44
111
117
116
44
97
109
112
44
48
44
115
101
110
100
79
117
116
44
115
101
110
100
65
109
112
41
59
10
10
125
44
32
10
114
97
116
101
115
58
91
110
105
108
44
48
46
49
44
110
105
108
44
48
46
49
44
110
105
108
44
48
46
49
44
48
46
49
44
48
46
52
44
110
105
108
44
48
46
51
93
44
10
109
101
116
97
100
97
116
97
58
32
40
32
115
112
101
99
115
58
32
40
32
115
112
101
101
100
58
32
91
48
46
49
50
53
44
49
48
44
92
101
120
112
44
48
44
48
44
34
32
72
122
34
93
44
32
100
101
112
116
104
58
91
48
44
48
46
48
50
44
50
93
44
32
102
98
58
91
48
44
48
46
57
93
41
41
41
10
3
4
volume
MVC_MyKnob3
*** MVC_View Document v1 ***
10
0
181
20
26
26
pin
0
0
0
1
background
0
0
0
0.5
numberUp
0
0
0
1
off
0
0
0
1
on
1
0.38759689922481
1
1
midiLearn
0
1
1
1
numberDown
1
1
1
1
label
1
1
1
1
disabled
0.3
0.3
0.3
1
focus
0
0
0
0
*** END MVC_View Document ***
inAmp
MVC_MyKnob3
*** MVC_View Document v1 ***
10
0
26
20
26
26
pin
0
0
0
1
background
0
0
0
0.5
numberUp
0
0
0
1
off
0
0
0
1
on
1
0.38759689922481
1
1
midiLearn
0
1
1
1
numberDown
1
1
1
1
label
1
1
1
1
disabled
0.3
0.3
0.3
1
focus
0
0
0
0
*** END MVC_View Document ***
sendAmp
MVC_MyKnob3
*** MVC_View Document v1 ***
10
0
103
20
26
26
pin
0
0
0
1
background
0
0
0
0.5
numberUp
0
0
0
1
off
0
0
0
1
on
1
0.38759689922481
1
1
midiLearn
0
1
1
1
numberDown
1
1
1
1
label
1
1
1
1
disabled
0.3
0.3
0.3
1
focus
0
0
0
0
*** END MVC_View Document ***
9
MVC_MyKnob
0.1891796875
*** MVC_View Document v1 ***
9
0
120
170
35
35
pin
0
0
0
1
numberUp
0
0
0
1
off
0
0
0
1
on
1
0.55038759689922
1
1
midiLearn
0
1
1
1
numberDown
1
0.5
0
1
label
1
1
1
1
disabled
0.3
0.3
0.3
1
focus
0
0
0
0
*** END MVC_View Document ***
7
MVC_MyKnob
0.0024501044728119
*** MVC_View Document v1 ***
9
0
145
80
68
68
pin
0
0
0
1
numberUp
0
0
0
1
off
0
0
0
1
on
1
0.55038759689922
1
1
midiLearn
0
1
1
1
numberDown
1
0.5
0
1
label
1
1
1
1
disabled
0.3
0.3
0.3
1
focus
0
0
0
0
*** END MVC_View Document ***
6
MVC_MyKnob
0.65617632136363
*** MVC_View Document v1 ***
9
0
20
80
69
69
pin
0
0
0
1
numberUp
0
0
0
1
off
0
0
0
1
on
1
0.55038759689922
1
1
midiLearn
0
1
1
1
numberDown
1
0.5
0
1
label
1
1
1
1
disabled
0.3
0.3
0.3
1
focus
0
0
0
0
*** END MVC_View Document ***
8
MVC_MyKnob
0.71602734375
*** MVC_View Document v1 ***
9
0
75
170
35
35
pin
0
0
0
1
numberUp
0
0
0
1
off
0
0
0
1
on
1
0.55038759689922
1
1
midiLearn
0
1
1
1
numberDown
1
0.5
0
1
label
1
1
1
1
disabled
0.3
0.3
0.3
1
focus
0
0
0
0
*** END MVC_View Document ***
0
0
0
nil
nil
nil
*** END INSTRUMENT DOC ***
