SC CodeFX Doc v1.4
Template Version v1.2
LNX_CodeFX
dub delay
19
0
0
1
0.018681227633156
0
0
1
0
0
127
-2
-inf
0
8
0
1
0
263
285
9
0
-1
1
0
*** MIDI Control Doc v1.2
0
0
*** End MIDI Control Doc ***
578
10
47
47
32
65
32
115
105
109
112
108
101
32
70
88
32
116
101
109
112
108
97
116
101
10
10
83
121
110
116
104
68
101
102
40
34
76
78
88
95
67
111
100
101
70
88
34
44
32
123
124
111
117
116
44
32
97
109
112
44
32
105
110
44
32
105
110
65
109
112
44
32
115
101
110
100
79
117
116
44
32
115
101
110
100
65
109
112
44
32
112
111
108
108
44
32
116
105
109
101
44
32
102
114
101
113
61
49
56
48
48
44
32
113
61
48
46
53
44
102
101
101
100
44
116
121
112
101
44
112
111
115
116
65
109
112
124
10
9
10
9
118
97
114
32
115
105
103
110
97
108
32
61
32
73
110
46
97
114
40
105
110
44
32
50
41
32
42
32
105
110
65
109
112
59
10
9
10
9
115
105
103
110
97
108
32
61
32
70
98
40
123
124
102
101
101
100
98
97
99
107
124
10
9
9
102
101
101
100
98
97
99
107
32
61
32
68
70
77
49
46
97
114
40
102
101
101
100
98
97
99
107
32
44
32
102
114
101
113
44
32
113
44
32
49
44
32
116
121
112
101
44
32
48
44
32
109
117
108
58
112
111
115
116
65
109
112
41
46
116
97
110
104
59
10
9
9
115
105
103
110
97
108
32
61
32
115
105
103
110
97
108
32
43
32
40
102
101
101
100
98
97
99
107
32
42
32
102
101
101
100
41
59
10
9
125
44
50
44
76
97
103
46
97
114
40
116
105
109
101
46
97
115
65
117
100
105
111
41
41
59
32
47
47
32
49
32
105
115
32
109
97
120
32
100
101
108
97
121
84
105
109
101
10
10
10
9
10
9
76
78
88
95
79
117
116
40
115
105
103
110
97
108
46
116
97
110
104
44
111
117
116
44
97
109
112
44
48
44
115
101
110
100
79
117
116
44
115
101
110
100
65
109
112
41
59
10
9
10
125
44
32
109
101
116
97
100
97
116
97
58
32
40
32
115
112
101
99
115
58
32
40
32
116
105
109
101
58
92
100
117
114
97
116
105
111
110
50
44
32
102
114
101
113
58
32
92
102
114
101
113
44
32
113
58
32
92
117
110
105
112
111
108
97
114
44
32
116
121
112
101
58
92
115
119
105
116
99
104
44
32
112
111
115
116
65
109
112
58
91
48
44
50
93
32
41
41
41
10
10
47
47
32
115
105
103
110
97
108
46
112
111
108
108
40
112
111
108
108
41
59
32
32
32
32
32
32
32
32
32
32
32
32
32
32
32
47
47
32
117
115
101
32
102
111
114
32
100
101
98
117
103
103
105
110
103
10
10
3
6
volume
MVC_MyKnob3
*** MVC_View Document v1 ***
10
0
181
20
26
26
pin
0
0
0
1
background
0
0
0
0.5
numberUp
0
0
0
1
off
0
0
0
1
on
0.54484617248062
0.91796646131918
1
1
midiLearn
0
1
1
1
numberDown
1
1
1
1
label
1
1
1
1
disabled
0.3
0.3
0.3
1
focus
0
0
0
0
*** END MVC_View Document ***
inAmp
MVC_MyKnob3
*** MVC_View Document v1 ***
10
0
26
20
26
26
pin
0
0
0
1
background
0
0
0
0.5
numberUp
0
0
0
1
off
0
0
0
1
on
0.54484617248062
0.91796646131918
1
1
midiLearn
0
1
1
1
numberDown
1
1
1
1
label
1
1
1
1
disabled
0.3
0.3
0.3
1
focus
0
0
0
0
*** END MVC_View Document ***
sendAmp
MVC_MyKnob3
*** MVC_View Document v1 ***
10
0
103
20
26
26
pin
0
0
0
1
background
0
0
0
0.5
numberUp
0
0
0
1
off
0
0
0
1
on
0.54484617248062
0.91796646131918
1
1
midiLearn
0
1
1
1
numberDown
1
1
1
1
label
1
1
1
1
disabled
0.3
0.3
0.3
1
focus
0
0
0
0
*** END MVC_View Document ***
9
MVC_MyKnob3
0.42337890625
*** MVC_View Document v1 ***
10
0
152
140
35
35
pin
0
0
0
1
background
0
0
0
0.5
numberUp
0
0
0
1
off
0
0
0
1
on
0.54484617248062
0.91796646131918
1
1
midiLearn
0
1
1
1
numberDown
1
0.5
0
1
label
1
1
1
1
disabled
0.3
0.3
0.3
1
focus
0
0
0
0
*** END MVC_View Document ***
10
MVC_MyKnob3
0.42837890625
*** MVC_View Document v1 ***
10
0
178
81
35
35
pin
0
0
0
1
background
0
0
0
0.5
numberUp
0
0
0
1
off
0
0
0
1
on
0.54484617248062
0.91796646131918
1
1
midiLearn
0
1
1
1
numberDown
1
0.5
0
1
label
1
1
1
1
disabled
0.3
0.3
0.3
1
focus
0
0
0
0
*** END MVC_View Document ***
11
MVC_OnOffRoundedView
0
*** MVC_View Document v1 ***
13
0
100
141
35
35
offDisabled
0.2
0.2
0.2
1
off
0
0
0
1
on
0.54484617248062
0.91796646131918
1
1
midiLearn
0
1
1
1
numberDown
1
0.5
0
1
background
0
0
0
1
onDisabled
0.5
0.5
0.5
1
numberUp
0
0
0
1
string
0
0
0
1
stringDisabled
0.35
0.35
0.35
1
label
1
1
1
1
disabled
0.3
0.3
0.3
1
focus
0
0
0
0
*** END MVC_View Document ***
8
MVC_MyKnob3
1728.7161010405
*** MVC_View Document v1 ***
10
0
50
140
35
35
pin
0
0
0
1
background
0
0
0
0.5
numberUp
0
0
0
1
off
0
0
0
1
on
0.54484617248062
0.91796646131918
1
1
midiLearn
0
1
1
1
numberDown
1
0.5
0
1
label
1
1
1
1
disabled
0.3
0.3
0.3
1
focus
0
0
0
0
*** END MVC_View Document ***
7
MVC_MyKnob3
0.10834392579876
*** MVC_View Document v1 ***
10
0
26
80
35
35
pin
0
0
0
1
background
0
0
0
0.5
numberUp
0
0
0
1
off
0
0
0
1
on
0.54484617248062
0.91796646131918
1
1
midiLearn
0
1
1
1
numberDown
1
0.5
0
1
label
1
1
1
1
disabled
0.3
0.3
0.3
1
focus
0
0
0
0
*** END MVC_View Document ***
12
MVC_MyKnob3
0.7422265625
*** MVC_View Document v1 ***
10
0
101
78
35
35
pin
0
0
0
1
background
0
0
0
0.37662337662338
numberUp
0
0
0
1
off
0
0
0
1
on
0.54484617248062
0.91796646131918
1
1
midiLearn
0
1
1
1
numberDown
1
0.5
0
1
label
1
1
1
1
disabled
0.3
0.3
0.3
1
focus
0
0
0
0
*** END MVC_View Document ***
*** END INSTRUMENT DOC ***
