SC CodeFX Doc v1.4
Template Version v1.2
LNX_CodeFX
SC Code FX
19
0
0
1
0.66248785296285
0
0
1
0
0
127
-2
-inf
0
8
0
1
-0.56652141242361
263
290
9
0
0
0
0
*** MIDI Control Doc v1.2
0
0
*** End MIDI Control Doc ***
693
10
83
121
110
116
104
68
101
102
40
92
76
78
88
95
68
101
108
97
121
95
70
88
44
32
123
124
111
110
44
32
111
117
116
44
32
97
109
112
44
32
105
110
44
32
105
110
65
109
112
44
32
115
101
110
100
79
117
116
44
32
115
101
110
100
65
109
112
44
32
100
101
108
97
121
84
105
109
101
61
48
46
53
44
32
100
101
99
97
121
61
48
46
53
124
10
9
9
10
9
118
97
114
32
109
97
120
100
101
108
97
121
61
53
59
10
9
118
97
114
32
115
105
103
110
97
108
44
32
108
111
99
97
108
59
10
9
118
97
114
32
115
105
103
110
97
108
73
110
32
61
32
73
110
46
97
114
40
105
110
44
32
50
41
32
42
32
105
110
65
109
112
59
10
9
118
97
114
32
111
117
116
65
109
112
32
61
32
65
109
112
108
105
116
117
100
101
46
107
114
40
77
105
120
46
97
114
40
115
105
103
110
97
108
73
110
41
41
59
10
9
10
9
115
105
103
110
97
108
73
110
32
61
32
115
105
103
110
97
108
73
110
32
42
32
40
111
117
116
65
109
112
32
62
32
48
46
48
50
41
59
32
47
47
32
110
111
105
115
101
32
103
97
116
101
10
9
108
111
99
97
108
32
61
32
76
111
99
97
108
73
110
46
97
114
40
50
41
32
42
32
100
101
99
97
121
59
10
9
108
111
99
97
108
32
61
32
79
110
101
80
111
108
101
46
97
114
40
108
111
99
97
108
44
32
48
46
52
41
59
10
9
108
111
99
97
108
32
61
32
79
110
101
80
111
108
101
46
97
114
40
108
111
99
97
108
44
32
45
48
46
48
56
41
59
10
9
108
111
99
97
108
32
61
32
82
111
116
97
116
101
50
46
97
114
40
108
111
99
97
108
91
48
93
44
32
108
111
99
97
108
91
49
93
44
32
48
46
50
41
59
10
9
108
111
99
97
108
32
61
32
67
111
109
98
67
46
97
114
40
108
111
99
97
108
44
32
109
97
120
100
101
108
97
121
44
32
76
97
103
46
107
114
40
100
101
108
97
121
84
105
109
101
44
32
49
41
41
59
10
9
108
111
99
97
108
32
61
32
76
101
97
107
68
67
46
97
114
40
108
111
99
97
108
41
59
32
32
10
9
115
105
103
110
97
108
32
61
32
40
40
108
111
99
97
108
32
43
32
115
105
103
110
97
108
73
110
41
32
42
32
49
46
50
53
41
46
115
111
102
116
99
108
105
112
59
10
9
10
9
76
111
99
97
108
79
117
116
46
97
114
40
115
105
103
110
97
108
41
59
10
9
76
78
88
95
70
88
79
117
116
40
115
105
103
110
97
108
42
97
109
112
44
115
105
103
110
97
108
73
110
44
111
110
44
111
117
116
44
97
109
112
44
48
44
115
101
110
100
79
117
116
44
115
101
110
100
65
109
112
41
59
10
9
10
125
44
32
109
101
116
97
100
97
116
97
58
32
40
32
115
112
101
99
115
58
32
40
32
100
101
108
97
121
84
105
109
101
58
32
91
48
46
48
49
44
53
93
32
41
41
41
10
3
2
volume
MVC_MyKnob3
*** MVC_View Document v1 ***
10
0
181
20
26
26
pin
0
0
0
1
background
0
0
0
0.5
numberUp
0
0
0
1
off
0
0
0
1
on
1
0.55038759689922
1
1
midiLearn
0
1
1
1
numberDown
1
1
1
1
label
1
1
1
1
disabled
0.3
0.3
0.3
1
focus
0
0
0
0
*** END MVC_View Document ***
inAmp
MVC_MyKnob3
*** MVC_View Document v1 ***
10
0
26
20
26
26
pin
0
0
0
1
background
0
0
0
0.5
numberUp
0
0
0
1
off
0
0
0
1
on
1
0.55038759689922
1
1
midiLearn
0
1
1
1
numberDown
1
1
1
1
label
1
1
1
1
disabled
0.3
0.3
0.3
1
focus
0
0
0
0
*** END MVC_View Document ***
sendAmp
MVC_MyKnob3
*** MVC_View Document v1 ***
10
0
103
20
26
26
pin
0
0
0
1
background
0
0
0
0.5
numberUp
0
0
0
1
off
0
0
0
1
on
1
0.55038759689922
1
1
midiLearn
0
1
1
1
numberDown
1
1
1
1
label
1
1
1
1
disabled
0.3
0.3
0.3
1
focus
0
0
0
0
*** END MVC_View Document ***
7
MVC_MyKnob3
0.07432421875
*** MVC_View Document v1 ***
10
0
30
90
70
70
pin
0
0
0
1
background
0
0
0
0.5
numberUp
0
0
0
1
off
0
0
0
1
on
1
0.55038759689922
1
1
midiLearn
0
1
1
1
numberDown
1
0.5
0
1
label
1
1
1
1
disabled
0.3
0.3
0.3
1
focus
0
0
0
0
*** END MVC_View Document ***
8
MVC_MyKnob3
0.183984375
*** MVC_View Document v1 ***
10
0
130
90
70
70
pin
0
0
0
1
background
0
0
0
0.5
numberUp
0
0
0
1
off
0
0
0
1
on
1
0.55038759689922
1
1
midiLearn
0
1
1
1
numberDown
1
0.5
0
1
label
1
1
1
1
disabled
0.3
0.3
0.3
1
focus
0
0
0
0
*** END MVC_View Document ***
*** END INSTRUMENT DOC ***
