SC CodeFX Doc v1.4
Template Version v1.2
LNX_CodeFX
Flang
19
0
0
1
0
0
0
1
0
0
127
-2
-inf
0
8
0
1
0
268
335
9
0
-1
1
0
*** MIDI Control Doc v1.2
0
0
*** End MIDI Control Doc ***
611
10
47
47
32
65
32
115
105
109
112
108
101
32
70
88
32
116
101
109
112
108
97
116
101
10
10
83
121
110
116
104
68
101
102
40
34
76
78
88
95
70
108
97
110
103
70
88
34
44
32
123
124
111
110
44
32
111
117
116
44
32
97
109
112
44
32
105
110
44
32
105
110
65
109
112
44
32
115
101
110
100
79
117
116
44
32
115
101
110
100
65
109
112
44
32
112
111
108
108
44
32
115
112
101
101
100
61
49
56
48
48
44
32
102
101
101
100
98
97
99
107
61
48
46
53
44
32
114
97
110
103
101
61
48
46
53
44
100
101
108
97
121
61
48
46
53
44
32
108
111
119
80
97
115
115
124
10
9
10
9
118
97
114
32
115
105
103
110
97
108
44
32
115
105
103
110
97
108
73
110
32
61
32
73
110
46
97
114
40
105
110
44
32
50
41
32
42
32
105
110
65
109
112
59
10
9
10
9
114
97
110
103
101
32
61
32
114
97
110
103
101
47
49
48
48
59
32
100
101
108
97
121
61
100
101
108
97
121
47
49
48
48
59
10
10
9
115
105
103
110
97
108
61
32
115
105
103
110
97
108
73
110
32
43
32
76
80
70
46
97
114
40
32
76
111
99
97
108
73
110
46
97
114
40
50
41
44
108
111
119
80
97
115
115
41
59
32
47
47
97
100
100
32
115
111
109
101
32
102
101
101
100
98
97
99
107
10
10
9
115
105
103
110
97
108
32
61
32
68
101
108
97
121
76
46
97
114
40
115
105
103
110
97
108
32
44
48
46
48
52
44
83
105
110
79
115
99
46
97
114
40
115
112
101
101
100
44
48
44
114
97
110
103
101
44
114
97
110
103
101
43
100
101
108
97
121
41
41
59
32
47
47
109
97
120
32
100
101
108
97
121
32
111
102
32
50
48
109
115
101
99
10
9
10
9
76
111
99
97
108
79
117
116
46
97
114
40
102
101
101
100
98
97
99
107
42
42
48
46
55
32
42
32
115
105
103
110
97
108
32
41
59
10
9
10
9
76
78
88
95
70
88
79
117
116
40
115
105
103
110
97
108
44
115
105
103
110
97
108
73
110
44
111
110
44
111
117
116
44
97
109
112
44
48
44
115
101
110
100
79
117
116
44
115
101
110
100
65
109
112
41
59
32
10
9
10
125
44
32
109
101
116
97
100
97
116
97
58
32
40
32
115
112
101
99
115
58
32
40
32
115
112
101
101
100
58
91
48
46
49
44
50
48
44
92
101
120
112
44
48
44
49
44
34
32
72
122
34
93
44
32
102
101
101
100
98
97
99
107
58
32
92
117
110
105
112
111
108
97
114
44
32
32
108
111
119
80
97
115
115
58
92
102
114
101
113
41
41
41
10
10
3
5
volume
MVC_MyKnob3
*** MVC_View Document v1 ***
10
0
181
20
26
26
pin
0
0
0
1
background
0
0
0
0.5
numberUp
0
0
0
1
off
0
0
0
1
on
0.31448998321429
0.9352289244186
0.926093776483
1
midiLearn
0
1
1
1
numberDown
1
1
1
1
label
1
1
1
1
disabled
0.3
0.3
0.3
1
focus
0
0
0
0
*** END MVC_View Document ***
inAmp
MVC_MyKnob3
*** MVC_View Document v1 ***
10
0
26
20
26
26
pin
0
0
0
1
background
0
0
0
0.5
numberUp
0
0
0
1
off
0
0
0
1
on
0.31448998321429
0.9352289244186
0.926093776483
1
midiLearn
0
1
1
1
numberDown
1
1
1
1
label
1
1
1
1
disabled
0.3
0.3
0.3
1
focus
0
0
0
0
*** END MVC_View Document ***
sendAmp
MVC_MyKnob3
*** MVC_View Document v1 ***
10
0
103
20
26
26
pin
0
0
0
1
background
0
0
0
0.5
numberUp
0
0
0
1
off
0
0
0
1
on
0.31448998321429
0.9352289244186
0.926093776483
1
midiLearn
0
1
1
1
numberDown
1
1
1
1
label
1
1
1
1
disabled
0.3
0.3
0.3
1
focus
0
0
0
0
*** END MVC_View Document ***
12
MVC_MyKnob3
2601.3030954453
*** MVC_View Document v1 ***
10
0
160
80
56
56
pin
0
0
0
1
background
0
0
0
0.5
numberUp
0
0
0
1
off
0
0
0
1
on
0.31448998321429
0.9352289244186
0.926093776483
1
midiLearn
0
1
1
1
numberDown
1
0.5
0
1
label
1
1
1
1
disabled
0.3
0.3
0.3
1
focus
0
0
0
0
*** END MVC_View Document ***
10
MVC_MyKnob
0.8044921875
*** MVC_View Document v1 ***
9
0
48
168
56
56
pin
0
0
0
1
numberUp
0
0
0
1
off
0
0
0
1
on
0.31448998321429
0.9352289244186
0.926093776483
1
midiLearn
0
1
1
1
numberDown
1
0.5
0
1
label
1
1
1
1
disabled
0.3
0.3
0.3
1
focus
0
0
0
0
*** END MVC_View Document ***
11
MVC_MyKnob
0.11435546875
*** MVC_View Document v1 ***
9
0
128
168
56
56
pin
0
0
0
1
numberUp
0
0
0
1
off
0
0
0
1
on
0.31448998321429
0.9352289244186
0.926093776483
1
midiLearn
0
1
1
1
numberDown
1
0.5
0
1
label
1
1
1
1
disabled
0.3
0.3
0.3
1
focus
0
0
0
0
*** END MVC_View Document ***
8
MVC_MyKnob3
0.38040486284866
*** MVC_View Document v1 ***
10
0
16
80
56
56
pin
0
0
0
1
background
0
0
0
0.5
numberUp
0
0
0
1
off
0
0
0
1
on
0.31448998321429
0.9352289244186
0.926093776483
1
midiLearn
0
1
1
1
numberDown
1
0.5
0
1
label
1
1
1
1
disabled
0.3
0.3
0.3
1
focus
0
0
0
0
*** END MVC_View Document ***
9
MVC_MyKnob
0.9207421875
*** MVC_View Document v1 ***
9
0
88
80
56
56
pin
0
0
0
1
numberUp
0
0
0
1
off
0
0
0
1
on
0.31448998321429
0.9352289244186
0.926093776483
1
midiLearn
0
1
1
1
numberDown
1
0.5
0
1
label
1
1
1
1
disabled
0.3
0.3
0.3
1
focus
0
0
0
0
*** END MVC_View Document ***
*** END INSTRUMENT DOC ***
