SC CodeFX Doc v1.4
Template Version v1.2
LNX_CodeFX
Gardner Reverb 3
19
0
0
1
-0.12795416398368
0
0
1
0
0
127
-2
-inf
0
8
0
1
0
263
290
9
0
-1
1
0
*** MIDI Control Doc v1.2
0
0
*** End MIDI Control Doc ***
969
10
47
47
32
65
32
71
97
114
100
110
101
114
82
101
118
101
114
98
10
10
83
121
110
116
104
68
101
102
40
34
76
78
88
95
71
97
114
100
110
101
114
82
101
118
101
114
98
34
44
32
123
124
111
110
44
32
111
117
116
44
32
97
109
112
44
32
105
110
44
32
105
110
65
109
112
44
32
115
101
110
100
79
117
116
44
32
115
101
110
100
65
109
112
44
32
112
111
108
108
44
32
116
105
109
101
32
124
10
9
10
9
118
97
114
32
108
112
44
32
97
112
49
44
32
97
112
50
44
32
97
112
51
44
32
97
112
52
44
32
114
101
118
111
117
116
59
10
9
118
97
114
32
115
105
103
110
97
108
44
32
115
105
103
110
97
108
73
110
32
61
32
73
110
46
97
114
40
105
110
44
32
50
41
32
42
32
105
110
65
109
112
59
32
10
9
118
97
114
32
102
98
32
32
32
32
32
61
32
76
111
99
97
108
73
110
46
97
114
40
50
41
59
32
10
9
10
9
116
105
109
101
32
61
32
76
97
103
46
97
114
40
116
105
109
101
46
97
115
65
117
100
105
111
41
59
10
9
10
9
108
112
61
76
80
70
46
97
114
40
115
105
103
110
97
108
73
110
44
32
52
48
48
48
41
59
10
9
102
98
61
76
111
99
97
108
73
110
46
97
114
40
50
41
59
10
9
97
112
49
61
65
108
108
112
97
115
115
76
46
97
114
40
108
112
32
43
32
40
48
46
53
32
42
32
102
98
41
44
32
48
46
48
48
56
42
50
44
32
48
46
48
48
56
42
116
105
109
101
44
32
48
46
48
52
53
57
41
59
10
9
97
112
50
61
65
108
108
112
97
115
115
76
46
97
114
40
97
112
49
44
32
48
46
48
49
50
42
50
44
32
48
46
48
49
50
42
116
105
109
101
44
32
48
46
48
54
56
56
53
41
59
10
9
97
112
50
61
68
101
108
97
121
76
46
97
114
40
97
112
50
44
32
48
46
48
48
52
42
50
44
32
48
46
48
48
52
42
116
105
109
101
41
59
10
9
97
112
51
61
78
101
115
116
101
100
65
108
108
112
97
115
115
76
46
97
114
40
68
101
108
97
121
76
46
97
114
40
97
112
50
44
32
48
46
48
49
55
42
50
44
32
48
46
48
49
55
42
116
105
109
101
41
44
32
48
46
48
50
53
42
50
44
32
48
46
48
50
53
42
116
105
109
101
44
32
48
46
53
44
32
48
46
48
54
50
42
50
44
32
48
46
48
54
50
42
116
105
109
101
44
32
48
46
50
53
41
59
10
9
97
112
51
61
68
101
108
97
121
76
46
97
114
40
97
112
51
44
32
48
46
48
51
49
42
50
44
32
48
46
48
51
49
42
116
105
109
101
41
59
10
9
97
112
52
61
68
111
117
98
108
101
78
101
115
116
101
100
65
108
108
112
97
115
115
76
46
97
114
40
68
101
108
97
121
76
46
97
114
40
97
112
51
44
32
48
46
48
48
51
42
50
44
32
48
46
48
48
51
42
116
105
109
101
41
44
32
48
46
49
50
48
42
50
44
32
48
46
49
50
48
42
116
105
109
101
44
32
48
46
53
44
32
48
46
48
55
54
42
50
44
32
48
46
48
55
54
42
116
105
109
101
44
32
48
46
50
53
44
32
48
46
48
51
48
42
50
44
32
48
46
48
51
48
42
116
105
109
101
44
32
48
46
50
53
41
59
10
9
114
101
118
111
117
116
61
77
105
120
40
91
97
112
52
32
42
32
48
46
56
44
32
97
112
51
32
42
32
48
46
56
44
32
97
112
50
32
42
32
49
46
53
93
41
59
10
9
76
111
99
97
108
79
117
116
46
97
114
40
66
80
70
46
97
114
40
114
101
118
111
117
116
32
42
32
48
46
53
44
32
49
48
48
48
44
32
48
46
53
41
41
59
10
9
10
32
32
32
32
76
78
88
95
70
88
79
117
116
40
114
101
118
111
117
116
44
115
105
103
110
97
108
73
110
44
111
110
44
111
117
116
44
97
109
112
44
48
44
115
101
110
100
79
117
116
44
115
101
110
100
65
109
112
41
59
10
9
10
125
44
32
109
101
116
97
100
97
116
97
58
32
40
32
115
112
101
99
115
58
32
40
32
116
105
109
101
58
91
48
46
50
53
44
50
93
32
41
41
41
3
1
volume
MVC_MyKnob3
*** MVC_View Document v1 ***
10
0
181
20
26
26
pin
0
0
0
1
background
0
0
0
0.5
numberUp
0
0
0
1
off
0
0
0
1
on
1
0.55038759689922
1
1
midiLearn
0
1
1
1
numberDown
1
1
1
1
label
1
1
1
1
disabled
0.3
0.3
0.3
1
focus
0
0
0
0
*** END MVC_View Document ***
inAmp
MVC_MyKnob3
*** MVC_View Document v1 ***
10
0
26
20
26
26
pin
0
0
0
1
background
0
0
0
0.5
numberUp
0
0
0
1
off
0
0
0
1
on
1
0.55038759689922
1
1
midiLearn
0
1
1
1
numberDown
1
1
1
1
label
1
1
1
1
disabled
0.3
0.3
0.3
1
focus
0
0
0
0
*** END MVC_View Document ***
sendAmp
MVC_MyKnob3
*** MVC_View Document v1 ***
10
0
103
20
26
26
pin
0
0
0
1
background
0
0
0
0.5
numberUp
0
0
0
1
off
0
0
0
1
on
1
0.55038759689922
1
1
midiLearn
0
1
1
1
numberDown
1
1
1
1
label
1
1
1
1
disabled
0.3
0.3
0.3
1
focus
0
0
0
0
*** END MVC_View Document ***
8
MVC_MyKnob
1.3612158203125
*** MVC_View Document v1 ***
9
0
71
82
89
89
pin
0
0
0
1
numberUp
0
0
0
1
off
0
0
0
1
on
1
0.55038759689922
1
1
midiLearn
0
1
1
1
numberDown
1
0.5
0
1
label
1
1
1
1
disabled
0.3
0.3
0.3
1
focus
0
0
0
0
*** END MVC_View Document ***
*** END INSTRUMENT DOC ***
