SC CodeFX Doc v1.4
Template Version v1.2
LNX_CodeFX
hp GVerb GATED
19
0
0
1
-1.4043041136104
0
0
1
0
0
127
-2
-inf
0
8
0
1
-2.3661022226071
263
427
9
1
0
1
0
*** MIDI Control Doc v1.2
0
0
*** End MIDI Control Doc ***
860
10
47
47
32
116
104
101
32
71
86
101
114
98
32
114
101
118
101
114
98
10
9
10
83
121
110
116
104
68
101
102
40
34
76
78
88
95
71
86
101
114
98
95
70
88
34
44
32
123
124
111
110
44
32
111
117
116
44
32
97
109
112
44
32
105
110
44
32
105
110
65
109
112
44
32
115
101
110
100
79
117
116
44
32
115
101
110
100
65
109
112
44
32
105
95
114
111
111
109
61
51
48
44
32
116
105
109
101
61
48
46
53
44
32
100
97
109
112
61
48
46
52
44
32
100
97
109
112
73
110
61
48
46
50
44
32
105
95
115
112
114
101
97
100
61
49
53
44
32
100
114
121
61
48
44
101
97
114
108
121
61
48
46
53
44
32
116
97
105
108
108
101
118
101
108
61
48
46
53
44
102
105
108
116
70
114
101
113
61
49
56
48
48
44
32
113
61
48
46
53
44
112
111
108
108
44
32
116
104
114
101
115
104
61
49
44
32
97
116
116
97
99
107
44
32
100
101
99
97
121
32
124
10
9
10
9
118
97
114
32
103
97
116
101
73
110
44
32
115
105
103
110
97
108
44
32
115
105
103
110
97
108
73
110
32
61
32
73
110
46
97
114
40
105
110
44
32
50
41
32
42
32
105
110
65
109
112
59
10
9
10
9
105
95
114
111
111
109
61
105
95
114
111
111
109
43
49
59
32
47
47
32
115
116
111
112
32
99
114
97
115
104
32
111
110
32
115
101
114
118
101
114
10
9
116
105
109
101
61
76
97
103
46
107
114
40
40
116
105
109
101
42
52
41
42
42
50
44
48
46
53
41
59
10
9
100
97
109
112
61
49
45
100
97
109
112
59
10
9
103
97
116
101
73
110
32
61
32
40
80
101
97
107
70
111
108
108
111
119
101
114
46
97
114
40
77
105
120
40
115
105
103
110
97
108
73
110
41
41
62
116
104
114
101
115
104
41
59
10
9
103
97
116
101
73
110
32
61
32
83
108
101
119
46
97
114
40
103
97
116
101
73
110
44
40
49
48
42
42
40
51
45
97
116
116
97
99
107
41
41
45
49
44
40
49
48
42
42
40
51
45
100
101
99
97
121
41
41
45
49
41
59
10
9
115
105
103
110
97
108
32
61
32
68
70
77
49
46
97
114
40
115
105
103
110
97
108
73
110
44
32
102
105
108
116
70
114
101
113
44
32
113
44
116
121
112
101
58
49
41
59
10
9
115
105
103
110
97
108
32
61
32
71
86
101
114
98
46
97
114
40
77
105
120
40
115
105
103
110
97
108
41
44
32
105
95
114
111
111
109
44
32
116
105
109
101
42
50
44
32
100
97
109
112
44
32
100
97
109
112
73
110
44
32
105
95
115
112
114
101
97
100
44
32
10
9
9
9
9
9
9
9
9
100
114
121
44
32
101
97
114
108
121
44
32
116
97
105
108
108
101
118
101
108
44
32
105
95
114
111
111
109
43
49
41
59
10
9
115
105
103
110
97
108
32
61
32
115
105
103
110
97
108
32
42
32
103
97
116
101
73
110
59
10
9
9
9
9
9
10
9
76
78
88
95
70
88
79
117
116
40
115
105
103
110
97
108
44
115
105
103
110
97
108
73
110
44
111
110
44
111
117
116
44
97
109
112
44
48
44
115
101
110
100
79
117
116
44
115
101
110
100
65
109
112
41
59
10
10
125
44
32
109
101
116
97
100
97
116
97
58
32
40
32
115
112
101
99
115
58
32
40
32
102
105
108
116
70
114
101
113
58
32
92
102
114
101
113
44
32
113
58
32
92
117
110
105
112
111
108
97
114
44
32
116
104
114
101
115
104
58
91
48
46
48
48
49
44
49
46
53
44
92
101
120
112
93
44
10
9
97
116
116
97
99
107
58
91
48
44
51
93
44
32
100
101
99
97
121
58
91
48
44
51
93
10
32
41
41
41
3
13
volume
MVC_MyKnob3
*** MVC_View Document v1 ***
10
0
181
20
26
26
pin
0
0
0
1
background
0
0
0
0.5
numberUp
0
0
0
1
off
0
0
0
1
on
1
0.5
0
1
midiLearn
0
1
1
1
numberDown
1
1
1
1
label
1
0.88996415991858
0.75608648255814
1
disabled
0.3
0.3
0.3
1
focus
0
0
0
0
*** END MVC_View Document ***
inAmp
MVC_MyKnob3
*** MVC_View Document v1 ***
10
0
26
20
26
26
pin
0
0
0
1
background
0
0
0
0.5
numberUp
0
0
0
1
off
0
0
0
1
on
1
0.5
0
1
midiLearn
0
1
1
1
numberDown
1
1
1
1
label
1
0.88996415991858
0.75608648255814
1
disabled
0.3
0.3
0.3
1
focus
0
0
0
0
*** END MVC_View Document ***
sendAmp
MVC_MyKnob3
*** MVC_View Document v1 ***
10
0
103
20
26
26
pin
0
0
0
1
background
0
0
0
0.5
numberUp
0
0
0
1
off
0
0
0
1
on
1
0.5
0
1
midiLearn
0
1
1
1
numberDown
1
1
1
1
label
1
0.88996415991858
0.75608648255814
1
disabled
0.3
0.3
0.3
1
focus
0
0
0
0
*** END MVC_View Document ***
1
MVC_MyKnob3
30
*** MVC_View Document v1 ***
10
0
65
84
36
36
pin
0
0
0
1
background
0
0
0
0.5
numberUp
0
0
0
1
off
0
0
0
1
on
1
0.5
0
1
midiLearn
0
1
1
1
numberDown
1
0.5
0
1
label
1
0.88996415991858
0.75608648255814
1
disabled
0.3
0.3
0.3
1
focus
0
0
0
0
*** END MVC_View Document ***
10
MVC_MyKnob3
0.8
*** MVC_View Document v1 ***
10
0
165
84
36
36
pin
0
0
0
1
background
0
0
0
0.5
numberUp
0
0
0
1
off
0
0
0
1
on
1
0.5
0
1
midiLearn
0
1
1
1
numberDown
1
0.5
0
1
label
1
0.88996415991858
0.75608648255814
1
disabled
0.3
0.3
0.3
1
focus
0
0
0
0
*** END MVC_View Document ***
11
MVC_MyKnob3
0.4
*** MVC_View Document v1 ***
10
0
15
144
36
36
pin
0
0
0
1
background
0
0
0
0.5
numberUp
0
0
0
1
off
0
0
0
1
on
1
0.5
0
1
midiLearn
0
1
1
1
numberDown
1
0.5
0
1
label
1
0.88996415991858
0.75608648255814
1
disabled
0.3
0.3
0.3
1
focus
0
0
0
0
*** END MVC_View Document ***
13
MVC_MyKnob3
0.0008642578125
*** MVC_View Document v1 ***
10
0
115
144
36
36
pin
0
0
0
1
background
0
0
0
0.5
numberUp
0
0
0
1
off
0
0
0
1
on
1
0.5
0
1
midiLearn
0
1
1
1
numberDown
1
0.5
0
1
label
1
0.88996415991858
0.75608648255814
1
disabled
0.3
0.3
0.3
1
focus
0
0
0
0
*** END MVC_View Document ***
0
MVC_MyKnob3
21.458987450787
*** MVC_View Document v1 ***
10
0
15
84
36
36
pin
0
0
0
1
background
0
0
0
0.5
numberUp
0
0
0
1
off
0
0
0
1
on
1
0.5
0
1
midiLearn
0
1
1
1
numberDown
1
0.5
0
1
label
1
0.88996415991858
0.75608648255814
1
disabled
0.3
0.3
0.3
1
focus
0
0
0
0
*** END MVC_View Document ***
16
MVC_MyKnob3
0
*** MVC_View Document v1 ***
10
0
92
216
35
35
pin
0
0
0
1
background
0
0
0
0.5
numberUp
0
0
0
1
off
0
0
0
1
on
1
0.5
0
1
midiLearn
0
1
1
1
numberDown
1
0.5
0
1
label
1
0.88996415991858
0.75608648255814
1
disabled
0.3
0.3
0.3
1
focus
0
0
0
0
*** END MVC_View Document ***
18
MVC_MyKnob3
0.043424426198953
*** MVC_View Document v1 ***
10
0
143
216
35
35
pin
0
0
0
1
background
0
0
0
0.5
numberUp
0
0
0
1
off
0
0
0
1
on
1
1
1
1
midiLearn
0
1
1
1
numberDown
1
0.5
0
1
label
1
0.88996415991858
0.75608648255814
1
disabled
0.3
0.3
0.3
1
focus
0
0
0
0
*** END MVC_View Document ***
9
MVC_MyKnob3
0.2444921875
*** MVC_View Document v1 ***
10
0
115
84
36
36
pin
0
0
0
1
background
0
0
0
0.5
numberUp
0
0
0
1
off
0
0
0
1
on
1
1
1
1
midiLearn
0
1
1
1
numberDown
1
0.5
0
1
label
1
0.88996415991858
0.75608648255814
1
disabled
0.3
0.3
0.3
1
focus
0
0
0
0
*** END MVC_View Document ***
15
MVC_MyKnob3
2305.6429123032
*** MVC_View Document v1 ***
10
0
37
216
35
35
pin
0
0
0
1
background
0
0
0
0.5
numberUp
0
0
0
1
off
0
0
0
1
on
1
1
1
1
midiLearn
0
1
1
1
numberDown
1
0.5
0
1
label
1
0.88996415991858
0.75608648255814
1
disabled
0.3
0.3
0.3
1
focus
0
0
0
0
*** END MVC_View Document ***
20
MVC_MyKnob3
1.13736328125
*** MVC_View Document v1 ***
10
0
122
283
35
35
pin
0
0
0
1
background
0
0
0
0.5
numberUp
0
0
0
1
off
0
0
0
1
on
1
0.5
0
1
midiLearn
0
1
1
1
numberDown
1
0.5
0
1
label
1
0.88996415991858
0.75608648255814
1
disabled
0.3
0.3
0.3
1
focus
0
0
0
0
*** END MVC_View Document ***
14
MVC_MyKnob3
1
*** MVC_View Document v1 ***
10
0
166
144
36
36
pin
0
0
0
1
background
0
0
0
0.5
numberUp
0
0
0
1
off
0
0
0
1
on
1
0.5
0
1
midiLearn
0
1
1
1
numberDown
1
0.5
0
1
label
1
0.88996415991858
0.75608648255814
1
disabled
0.3
0.3
0.3
1
focus
0
0
0
0
*** END MVC_View Document ***
19
MVC_MyKnob3
0.28921875
*** MVC_View Document v1 ***
10
0
67
282
35
35
pin
0
0
0
1
background
0
0
0
0.5
numberUp
0
0
0
1
off
0
0
0
1
on
1
0.5
0
1
midiLearn
0
1
1
1
numberDown
1
0.5
0
1
label
1
0.88996415991858
0.75608648255814
1
disabled
0.3
0.3
0.3
1
focus
0
0
0
0
*** END MVC_View Document ***
12
MVC_MyKnob3
0
*** MVC_View Document v1 ***
10
0
65
144
36
36
pin
0
0
0
1
background
0
0
0
0.5
numberUp
0
0
0
1
off
0
0
0
1
on
1
0.5
0
1
midiLearn
0
1
1
1
numberDown
1
0.5
0
1
label
1
0.88996415991858
0.75608648255814
1
disabled
0.3
0.3
0.3
1
focus
0
0
0
0
*** END MVC_View Document ***
*** END INSTRUMENT DOC ***
