SC CodeFX Doc v1.4
Template Version v1.1
LNX_CodeFX
Limiter
19
0
0
1
3.6394908811459
0
0
1
0
0
127
-2
-inf
0
8
0
1
-4.4504963984064
263
262
9
1
0
1
0
*** MIDI Control Doc v1.1
0
*** End MIDI Control Doc ***
359
10
47
47
32
76
105
109
105
116
101
114
10
10
83
121
110
116
104
68
101
102
40
34
76
78
88
95
76
105
109
105
116
101
114
34
44
32
123
124
111
117
116
44
32
97
109
112
44
32
105
110
44
32
105
110
65
109
112
44
32
115
101
110
100
79
117
116
44
32
115
101
110
100
65
109
112
44
32
112
111
108
108
44
32
108
101
118
101
108
61
49
44
105
95
100
117
114
61
49
124
10
9
10
9
118
97
114
32
115
105
103
110
97
108
32
61
32
73
110
46
97
114
40
105
110
44
32
50
41
32
42
32
105
110
65
109
112
59
10
10
9
115
105
103
110
97
108
32
61
32
76
105
109
105
116
101
114
46
97
114
40
115
105
103
110
97
108
44
108
101
118
101
108
44
105
95
100
117
114
41
47
108
101
118
101
108
59
10
10
9
76
78
88
95
79
117
116
40
115
105
103
110
97
108
44
111
117
116
44
97
109
112
44
48
44
115
101
110
100
79
117
116
44
115
101
110
100
65
109
112
41
59
10
9
10
125
44
32
109
101
116
97
100
97
116
97
58
32
40
32
115
112
101
99
115
58
32
40
32
102
105
108
116
70
114
101
113
58
32
92
102
114
101
113
44
32
113
58
32
92
117
110
105
112
111
108
97
114
44
32
115
109
101
97
114
58
91
49
44
50
48
48
44
92
101
120
112
93
44
32
108
101
118
101
108
58
91
48
46
48
49
44
49
44
92
101
120
112
93
44
10
10
105
95
100
117
114
58
91
48
46
48
48
49
44
48
46
49
44
92
101
120
112
93
41
41
41
10
10
3
2
volume
MVC_MyKnob3
*** MVC_View Document v1 ***
10
0
181
20
26
26
pin
0
0
0
1
background
0
0
0
0.5
numberUp
0
0
0
1
off
0
0
0
1
on
1
0.55038759689922
1
1
midiLearn
0
1
1
1
numberDown
1
1
1
1
label
1
1
1
1
disabled
0.3
0.3
0.3
1
focus
0
0
0
0
*** END MVC_View Document ***
inAmp
MVC_MyKnob3
*** MVC_View Document v1 ***
10
0
26
20
26
26
pin
0
0
0
1
background
0
0
0
0.5
numberUp
0
0
0
1
off
0
0
0
1
on
1
0.55038759689922
1
1
midiLearn
0
1
1
1
numberDown
1
1
1
1
label
1
1
1
1
disabled
0.3
0.3
0.3
1
focus
0
0
0
0
*** END MVC_View Document ***
sendAmp
MVC_MyKnob3
*** MVC_View Document v1 ***
10
0
103
20
26
26
pin
0
0
0
1
background
0
0
0
0.5
numberUp
0
0
0
1
off
0
0
0
1
on
1
0.55038759689922
1
1
midiLearn
0
1
1
1
numberDown
1
1
1
1
label
1
1
1
1
disabled
0.3
0.3
0.3
1
focus
0
0
0
0
*** END MVC_View Document ***
0
MVC_MyKnob
0.01
*** MVC_View Document v1 ***
9
0
74
84
35
35
pin
0
0
0
1
numberUp
0
0
0
1
off
0
0
0
1
on
1
0.55038759689922
1
1
midiLearn
0
1
1
1
numberDown
1
0.5
0
1
label
1
1
1
1
disabled
0.3
0.3
0.3
1
focus
0
0
0
0
*** END MVC_View Document ***
8
MVC_MyKnob
1
*** MVC_View Document v1 ***
9
0
20
84
35
35
pin
0
0
0
1
numberUp
0
0
0
1
off
0
0
0
1
on
1
0.55038759689922
1
1
midiLearn
0
1
1
1
numberDown
1
0.5
0
1
label
1
1
1
1
disabled
0.3
0.3
0.3
1
focus
0
0
0
0
*** END MVC_View Document ***
*** END INSTRUMENT DOC ***
