SC CodeFX Doc v1.4
Template Version v1.2
LNX_CodeFX
random naturalize
19
0
0
1
0
0
0
1
0
0
127
-2
-inf
0
8
0
1
0
263
290
9
0
-1
1
0
*** MIDI Control Doc v1.2
0
0
*** End MIDI Control Doc ***
628
10
47
47
32
65
32
115
105
109
112
108
101
32
70
88
32
116
101
109
112
108
97
116
101
10
10
83
121
110
116
104
68
101
102
40
34
76
78
88
95
65
100
100
78
111
105
115
101
34
44
32
123
124
111
117
116
44
32
97
109
112
44
32
105
110
44
32
105
110
65
109
112
44
32
115
101
110
100
79
117
116
44
32
115
101
110
100
65
109
112
44
32
112
111
108
108
44
32
102
105
108
116
70
114
101
113
61
49
56
48
48
44
32
113
61
48
46
53
10
9
9
9
104
112
70
114
101
113
44
32
104
112
81
44
32
109
105
120
44
32
97
109
112
70
114
101
113
44
32
97
109
112
77
105
120
44
32
111
110
124
10
9
10
9
118
97
114
32
99
108
101
97
110
32
61
32
73
110
46
97
114
40
105
110
44
32
50
41
32
42
32
105
110
65
109
112
59
10
9
118
97
114
32
100
105
114
116
121
32
61
32
99
108
101
97
110
32
42
32
40
10
9
9
68
70
77
49
46
97
114
40
10
9
9
9
68
70
77
49
46
97
114
40
10
9
9
9
9
87
104
105
116
101
78
111
105
115
101
46
97
114
44
32
102
105
108
116
70
114
101
113
44
32
113
10
9
9
9
41
44
32
104
112
70
114
101
113
44
32
104
112
81
44
32
116
121
112
101
58
49
10
9
9
41
10
9
41
59
10
9
118
97
114
32
115
105
103
110
97
108
32
61
32
40
99
108
101
97
110
42
40
49
45
32
109
105
120
41
41
32
43
32
40
100
105
114
116
121
42
109
105
120
41
59
9
10
9
118
97
114
32
100
105
114
116
121
50
32
61
32
115
105
103
110
97
108
32
42
32
76
70
78
111
105
115
101
49
46
97
114
40
97
109
112
70
114
101
113
41
32
59
10
9
10
9
115
105
103
110
97
108
32
61
32
40
115
105
103
110
97
108
42
40
49
45
32
97
109
112
77
105
120
41
41
32
43
32
40
100
105
114
116
121
50
42
97
109
112
77
105
120
41
59
10
9
10
9
76
78
88
95
70
88
79
117
116
40
115
105
103
110
97
108
44
99
108
101
97
110
44
111
110
44
111
117
116
44
97
109
112
44
48
44
115
101
110
100
79
117
116
44
115
101
110
100
65
109
112
41
59
10
9
10
125
44
32
109
101
116
97
100
97
116
97
58
32
40
32
115
112
101
99
115
58
32
40
32
102
105
108
116
70
114
101
113
58
32
92
102
114
101
113
44
32
113
58
32
92
117
110
105
112
111
108
97
114
44
32
104
112
70
114
101
113
58
32
92
102
114
101
113
44
32
104
112
81
58
32
92
117
110
105
112
111
108
97
114
44
10
9
92
97
109
112
70
114
101
113
58
91
49
44
51
48
44
92
101
120
112
93
10
10
32
41
41
41
10
10
3
7
volume
MVC_MyKnob3
*** MVC_View Document v1 ***
10
0
181
20
26
26
pin
0
0
0
1
background
0
0
0
0.5
numberUp
0
0
0
1
off
0
0
0
1
on
1
0.55038759689922
1
1
midiLearn
0
1
1
1
numberDown
1
1
1
1
label
1
1
1
1
disabled
0.3
0.3
0.3
1
focus
0
0
0
0
*** END MVC_View Document ***
inAmp
MVC_MyKnob3
*** MVC_View Document v1 ***
10
0
26
20
26
26
pin
0
0
0
1
background
0
0
0
0.5
numberUp
0
0
0
1
off
0
0
0
1
on
1
0.55038759689922
1
1
midiLearn
0
1
1
1
numberDown
1
1
1
1
label
1
1
1
1
disabled
0.3
0.3
0.3
1
focus
0
0
0
0
*** END MVC_View Document ***
sendAmp
MVC_MyKnob3
*** MVC_View Document v1 ***
10
0
103
20
26
26
pin
0
0
0
1
background
0
0
0
0.5
numberUp
0
0
0
1
off
0
0
0
1
on
1
0.55038759689922
1
1
midiLearn
0
1
1
1
numberDown
1
1
1
1
label
1
1
1
1
disabled
0.3
0.3
0.3
1
focus
0
0
0
0
*** END MVC_View Document ***
9
MVC_MyKnob
937.70266849043
*** MVC_View Document v1 ***
9
0
128
84
35
35
pin
0
0
0
1
numberUp
0
0
0
1
off
0
0
0
1
on
1
0.55038759689922
1
1
midiLearn
0
1
1
1
numberDown
1
0.5
0
1
label
1
1
1
1
disabled
0.3
0.3
0.3
1
focus
0
0
0
0
*** END MVC_View Document ***
10
MVC_MyKnob
0.24244140625
*** MVC_View Document v1 ***
9
0
182
84
35
35
pin
0
0
0
1
numberUp
0
0
0
1
off
0
0
0
1
on
1
0.55038759689922
1
1
midiLearn
0
1
1
1
numberDown
1
0.5
0
1
label
1
1
1
1
disabled
0.3
0.3
0.3
1
focus
0
0
0
0
*** END MVC_View Document ***
11
MVC_MyKnob
0.2124609375
*** MVC_View Document v1 ***
9
0
20
150
35
35
pin
0
0
0
1
numberUp
0
0
0
1
off
0
0
0
1
on
1
0.55038759689922
1
1
midiLearn
0
1
1
1
numberDown
1
0.5
0
1
label
1
1
1
1
disabled
0.3
0.3
0.3
1
focus
0
0
0
0
*** END MVC_View Document ***
8
MVC_MyKnob
0.80947265625
*** MVC_View Document v1 ***
9
0
74
84
35
35
pin
0
0
0
1
numberUp
0
0
0
1
off
0
0
0
1
on
1
0.55038759689922
1
1
midiLearn
0
1
1
1
numberDown
1
0.5
0
1
label
1
1
1
1
disabled
0.3
0.3
0.3
1
focus
0
0
0
0
*** END MVC_View Document ***
13
MVC_MyKnob
0.17828125
*** MVC_View Document v1 ***
9
0
128
150
35
35
pin
0
0
0
1
numberUp
0
0
0
1
off
0
0
0
1
on
1
0.55038759689922
1
1
midiLearn
0
1
1
1
numberDown
1
0.5
0
1
label
1
1
1
1
disabled
0.3
0.3
0.3
1
focus
0
0
0
0
*** END MVC_View Document ***
7
MVC_MyKnob
3678.0687216968
*** MVC_View Document v1 ***
9
0
20
84
35
35
pin
0
0
0
1
numberUp
0
0
0
1
off
0
0
0
1
on
1
0.55038759689922
1
1
midiLearn
0
1
1
1
numberDown
1
0.5
0
1
label
1
1
1
1
disabled
0.3
0.3
0.3
1
focus
0
0
0
0
*** END MVC_View Document ***
12
MVC_MyKnob
30
*** MVC_View Document v1 ***
9
0
74
150
35
35
pin
0
0
0
1
numberUp
0
0
0
1
off
0
0
0
1
on
1
0.55038759689922
1
1
midiLearn
0
1
1
1
numberDown
1
0.5
0
1
label
1
1
1
1
disabled
0.3
0.3
0.3
1
focus
0
0
0
0
*** END MVC_View Document ***
*** END INSTRUMENT DOC ***
