SC CodeFX Doc v1.4
Template Version v1.2
LNX_CodeFX
ParaEQ
19
0
0
1
-2.4715941025471
0
0
1
0
0
127
-2
-inf
0
8
0
1
-0.763215282797
418
380
9
0
-1
1
0
*** MIDI Control Doc v1.1
0
*** End MIDI Control Doc ***
946
10
47
47
32
65
32
115
105
109
112
108
101
32
70
88
32
116
101
109
112
108
97
116
101
10
10
83
121
110
116
104
68
101
102
40
34
76
78
88
95
69
81
70
88
34
44
32
123
124
111
117
116
44
32
97
109
112
44
32
105
110
44
32
105
110
65
109
112
44
32
115
101
110
100
79
117
116
44
32
115
101
110
100
65
109
112
44
32
112
111
108
108
10
9
9
108
111
119
70
114
101
113
44
32
108
111
119
82
83
44
32
108
111
119
65
109
112
44
10
9
9
102
114
101
113
49
44
32
102
114
101
113
49
82
83
44
32
102
114
101
113
49
65
109
112
44
10
9
9
102
114
101
113
50
44
32
102
114
101
113
50
82
83
44
32
102
114
101
113
50
65
109
112
44
10
9
9
102
114
101
113
51
44
32
102
114
101
113
51
82
83
44
32
102
114
101
113
51
65
109
112
44
10
9
9
104
105
70
114
101
113
44
32
104
105
82
83
44
32
104
105
65
109
112
124
10
9
10
9
118
97
114
32
115
105
103
110
97
108
32
61
32
73
110
46
97
114
40
105
110
44
32
50
41
32
42
32
105
110
65
109
112
59
10
9
10
9
10
9
115
105
103
110
97
108
32
61
32
66
76
111
119
83
104
101
108
102
46
97
114
40
32
115
105
103
110
97
108
44
32
108
111
119
70
114
101
113
44
32
108
111
119
82
83
44
32
108
111
119
65
109
112
41
59
10
9
115
105
103
110
97
108
32
61
32
66
80
101
97
107
69
81
46
97
114
40
32
115
105
103
110
97
108
44
32
102
114
101
113
49
44
32
102
114
101
113
49
82
83
44
32
102
114
101
113
49
65
109
112
41
59
10
9
115
105
103
110
97
108
32
61
32
66
80
101
97
107
69
81
46
97
114
40
32
115
105
103
110
97
108
44
32
32
102
114
101
113
50
44
32
102
114
101
113
50
82
83
44
32
102
114
101
113
50
65
109
112
32
41
59
10
9
115
105
103
110
97
108
32
61
32
66
80
101
97
107
69
81
46
97
114
40
32
115
105
103
110
97
108
44
32
32
32
102
114
101
113
51
44
32
102
114
101
113
51
82
83
44
32
102
114
101
113
51
65
109
112
41
59
10
9
115
105
103
110
97
108
32
61
32
66
72
105
83
104
101
108
102
46
97
114
40
32
115
105
103
110
97
108
44
32
104
105
70
114
101
113
44
32
104
105
82
83
44
32
104
105
65
109
112
32
41
59
32
10
9
10
9
47
47
32
115
105
103
110
97
108
46
112
111
108
108
40
112
111
108
108
41
59
32
32
32
32
32
32
32
32
32
32
32
32
32
32
32
47
47
32
117
115
101
32
102
111
114
32
100
101
98
117
103
103
105
110
103
10
9
10
9
76
78
88
95
79
117
116
40
115
105
103
110
97
108
44
111
117
116
44
97
109
112
44
48
44
115
101
110
100
79
117
116
44
115
101
110
100
65
109
112
41
59
10
9
10
125
44
32
109
101
116
97
100
97
116
97
58
32
40
32
115
112
101
99
115
58
32
40
10
9
108
111
119
70
114
101
113
58
32
92
102
114
101
113
44
32
108
111
119
82
83
58
32
91
48
46
54
44
49
48
44
49
93
44
32
108
111
119
65
109
112
58
92
100
98
69
81
44
10
9
102
114
101
113
49
58
32
92
102
114
101
113
44
32
102
114
101
113
49
82
83
58
32
91
48
46
49
44
49
48
44
49
93
44
32
102
114
101
113
49
65
109
112
58
92
100
98
69
81
44
10
9
102
114
101
113
50
58
32
92
102
114
101
113
44
32
102
114
101
113
50
82
83
58
32
91
48
46
49
44
49
48
44
49
93
44
32
102
114
101
113
50
65
109
112
58
92
100
98
69
81
44
10
9
102
114
101
113
51
58
32
92
102
114
101
113
44
32
102
114
101
113
51
82
83
58
32
91
48
46
49
44
49
48
44
49
93
44
32
102
114
101
113
51
65
109
112
58
92
100
98
69
81
44
10
9
104
105
70
114
101
113
58
32
92
102
114
101
113
44
32
104
105
82
83
58
32
91
48
46
54
44
49
48
44
49
93
44
32
104
105
65
109
112
58
92
100
98
69
81
10
9
10
41
41
41
10
10
3
15
volume
MVC_MyKnob3
*** MVC_View Document v1 ***
10
0
181
20
26
26
pin
0
0
0
1
background
0
0
0
0.5
numberUp
0
0
0
1
off
0
0
0
1
on
0.55038759689922
0.88955741842437
1
1
midiLearn
0
1
1
1
numberDown
1
1
1
1
label
1
1
1
1
disabled
0.3
0.3
0.3
1
focus
0
0
0
0
*** END MVC_View Document ***
inAmp
MVC_MyKnob3
*** MVC_View Document v1 ***
10
0
26
20
26
26
pin
0
0
0
1
background
0
0
0
0.5
numberUp
0
0
0
1
off
0
0
0
1
on
0.55038759689922
0.88955741842437
1
1
midiLearn
0
1
1
1
numberDown
1
1
1
1
label
1
1
1
1
disabled
0.3
0.3
0.3
1
focus
0
0
0
0
*** END MVC_View Document ***
sendAmp
MVC_MyKnob3
*** MVC_View Document v1 ***
10
0
103
20
26
26
pin
0
0
0
1
background
0
0
0
0.5
numberUp
0
0
0
1
off
0
0
0
1
on
0.55038759689922
0.88955741842437
1
1
midiLearn
0
1
1
1
numberDown
1
1
1
1
label
1
1
1
1
disabled
0.3
0.3
0.3
1
focus
0
0
0
0
*** END MVC_View Document ***
10
MVC_MyKnob3
250.03550071457
*** MVC_View Document v1 ***
10
0
100
80
35
35
pin
0
0
0
1
background
0
0
0
0.5
numberUp
0
0
0
1
off
0
0
0
1
on
0.55038759689922
0.88955741842437
1
1
midiLearn
0
1
1
1
numberDown
1
0.5
0
1
label
1
1
1
1
disabled
0.3
0.3
0.3
1
focus
0
0
0
0
*** END MVC_View Document ***
11
MVC_MyKnob3
1.0003300549594
*** MVC_View Document v1 ***
10
0
100
150
35
35
pin
0
0
0
1
background
0
0
0
0.5
numberUp
0
0
0
1
off
0
0
0
1
on
0.55038759689922
0.88955741842437
1
1
midiLearn
0
1
1
1
numberDown
1
0.5
0
1
label
1
1
1
1
disabled
0.3
0.3
0.3
1
focus
0
0
0
0
*** END MVC_View Document ***
13
MVC_MyKnob3
999.67224017174
*** MVC_View Document v1 ***
10
0
175
80
35
35
pin
0
0
0
1
background
0
0
0
0.5
numberUp
0
0
0
1
off
0
0
0
1
on
0.55038759689922
0.88955741842437
1
1
midiLearn
0
1
1
1
numberDown
1
0.5
0
1
label
1
1
1
1
disabled
0.3
0.3
0.3
1
focus
0
0
0
0
*** END MVC_View Document ***
16
MVC_MyKnob3
3502.7598802159
*** MVC_View Document v1 ***
10
0
255
80
35
35
pin
0
0
0
1
background
0
0
0
0.5
numberUp
0
0
0
1
off
0
0
0
1
on
0.55038759689922
0.88955741842437
1
1
midiLearn
0
1
1
1
numberDown
1
0.5
0
1
label
1
1
1
1
disabled
0.3
0.3
0.3
1
focus
0
0
0
0
*** END MVC_View Document ***
17
MVC_MyKnob3
1.0003300549594
*** MVC_View Document v1 ***
10
0
255
150
35
35
pin
0
0
0
1
background
0
0
0
0.5
numberUp
0
0
0
1
off
0
0
0
1
on
0.55038759689922
0.88955741842437
1
1
midiLearn
0
1
1
1
numberDown
1
0.5
0
1
label
1
1
1
1
disabled
0.3
0.3
0.3
1
focus
0
0
0
0
*** END MVC_View Document ***
7
MVC_MyKnob3
100.07641824482
*** MVC_View Document v1 ***
10
0
25
80
35
35
pin
0
0
0
1
background
0
0
0
0.5
numberUp
0
0
0
1
off
0
0
0
1
on
0.55038759689922
0.88955741842437
1
1
midiLearn
0
1
1
1
numberDown
1
0.5
0
1
label
1
1
1
1
disabled
0.3
0.3
0.3
1
focus
0
0
0
0
*** END MVC_View Document ***
18
MVC_MyKnob3
0
*** MVC_View Document v1 ***
10
0
255
225
35
35
pin
0
0
0
1
background
0
0
0
0.5
numberUp
0
0
0
1
off
0
0
0
1
on
0.55038759689922
0.88955741842437
1
1
midiLearn
0
1
1
1
numberDown
1
0.5
0
1
label
1
1
1
1
disabled
0.3
0.3
0.3
1
focus
0
0
0
0
*** END MVC_View Document ***
9
MVC_MyKnob3
0
*** MVC_View Document v1 ***
10
0
25
225
35
35
pin
0
0
0
1
background
0
0
0
0.5
numberUp
0
0
0
1
off
0
0
0
1
on
0.55038759689922
0.88955741842437
1
1
midiLearn
0
1
1
1
numberDown
1
0.5
0
1
label
1
1
1
1
disabled
0.3
0.3
0.3
1
focus
0
0
0
0
*** END MVC_View Document ***
8
MVC_MyKnob3
1.0003300549594
*** MVC_View Document v1 ***
10
0
25
150
35
35
pin
0
0
0
1
background
0
0
0
0.5
numberUp
0
0
0
1
off
0
0
0
1
on
0.55038759689922
0.88955741842437
1
1
midiLearn
0
1
1
1
numberDown
1
0.5
0
1
label
1
1
1
1
disabled
0.3
0.3
0.3
1
focus
0
0
0
0
*** END MVC_View Document ***
21
MVC_MyKnob3
0
*** MVC_View Document v1 ***
10
0
330
225
35
35
pin
0
0
0
1
background
0
0
0
0.5
numberUp
0
0
0
1
off
0
0
0
1
on
0.55038759689922
0.88955741842437
1
1
midiLearn
0
1
1
1
numberDown
1
0.5
0
1
label
1
1
1
1
disabled
0.3
0.3
0.3
1
focus
0
0
0
0
*** END MVC_View Document ***
15
MVC_MyKnob3
0
*** MVC_View Document v1 ***
10
0
175
225
35
35
pin
0
0
0
1
background
0
0
0
0.5
numberUp
0
0
0
1
off
0
0
0
1
on
0.55038759689922
0.88955741842437
1
1
midiLearn
0
1
1
1
numberDown
1
0.5
0
1
label
1
1
1
1
disabled
0.3
0.3
0.3
1
focus
0
0
0
0
*** END MVC_View Document ***
20
MVC_MyKnob3
1.0003300549594
*** MVC_View Document v1 ***
10
0
330
150
35
35
pin
0
0
0
1
background
0
0
0
0.5
numberUp
0
0
0
1
off
0
0
0
1
on
0.55038759689922
0.88955741842437
1
1
midiLearn
0
1
1
1
numberDown
1
0.5
0
1
label
1
1
1
1
disabled
0.3
0.3
0.3
1
focus
0
0
0
0
*** END MVC_View Document ***
14
MVC_MyKnob3
1.0003300549594
*** MVC_View Document v1 ***
10
0
175
150
35
35
pin
0
0
0
1
background
0
0
0
0.5
numberUp
0
0
0
1
off
0
0
0
1
on
0.55038759689922
0.88955741842437
1
1
midiLearn
0
1
1
1
numberDown
1
0.5
0
1
label
1
1
1
1
disabled
0.3
0.3
0.3
1
focus
0
0
0
0
*** END MVC_View Document ***
19
MVC_MyKnob3
6002.5526390566
*** MVC_View Document v1 ***
10
0
330
80
35
35
pin
0
0
0
1
background
0
0
0
0.5
numberUp
0
0
0
1
off
0
0
0
1
on
0.55038759689922
0.88955741842437
1
1
midiLearn
0
1
1
1
numberDown
1
0.5
0
1
label
1
1
1
1
disabled
0.3
0.3
0.3
1
focus
0
0
0
0
*** END MVC_View Document ***
12
MVC_MyKnob3
0
*** MVC_View Document v1 ***
10
0
100
225
35
35
pin
0
0
0
1
background
0
0
0
0.5
numberUp
0
0
0
1
off
0
0
0
1
on
0.55038759689922
0.88955741842437
1
1
midiLearn
0
1
1
1
numberDown
1
0.5
0
1
label
1
1
1
1
disabled
0.3
0.3
0.3
1
focus
0
0
0
0
*** END MVC_View Document ***
*** END INSTRUMENT DOC ***
