SC CodeFX Doc v1.4
Template Version v1.2
LNX_CodeFX
SC Code FX
19
0
0
1
0
0
0
1
0
0
127
-2
-inf
0
8
0
1
0
265
245
9
0
-1
1
0
*** MIDI Control Doc v1.1
0
*** End MIDI Control Doc ***
376
10
47
47
32
65
32
115
105
109
112
108
101
32
70
88
32
116
101
109
112
108
97
116
101
10
10
83
121
110
116
104
68
101
102
40
34
76
78
88
95
80
104
97
115
111
114
70
88
34
44
32
123
124
111
117
116
44
32
97
109
112
44
32
105
110
44
32
105
110
65
109
112
44
32
115
101
110
100
79
117
116
44
32
115
101
110
100
65
109
112
44
32
112
111
108
108
44
32
115
112
101
101
100
61
49
56
48
48
44
32
97
109
111
117
110
116
61
48
46
53
124
10
9
10
9
118
97
114
32
115
105
103
110
97
108
32
61
32
73
110
46
97
114
40
105
110
44
32
50
41
32
42
32
105
110
65
109
112
59
10
9
10
115
105
103
110
97
108
61
32
65
108
108
112
97
115
115
78
46
97
114
40
115
105
103
110
97
108
32
44
48
46
48
50
44
83
105
110
79
115
99
46
107
114
40
115
112
101
101
100
44
48
44
48
46
48
49
42
97
109
111
117
110
116
44
48
46
48
49
41
41
59
32
47
47
109
97
120
32
100
101
108
97
121
32
111
102
32
50
48
109
115
101
99
10
9
10
9
76
78
88
95
79
117
116
40
115
105
103
110
97
108
44
111
117
116
44
97
109
112
44
48
44
115
101
110
100
79
117
116
44
115
101
110
100
65
109
112
41
59
10
9
10
125
44
32
109
101
116
97
100
97
116
97
58
32
40
32
115
112
101
99
115
58
32
40
32
115
112
101
101
100
58
91
48
46
49
44
50
48
44
92
101
120
112
44
48
44
49
44
34
32
72
122
34
93
44
32
113
58
32
92
117
110
105
112
111
108
97
114
32
41
41
41
10
10
3
2
volume
MVC_MyKnob3
*** MVC_View Document v1 ***
10
0
181
20
26
26
pin
0
0
0
1
background
0
0
0
0.5
numberUp
0
0
0
1
off
0
0
0
1
on
0.75399709302326
0.98556341952153
1
1
midiLearn
0
1
1
1
numberDown
1
1
1
1
label
1
1
1
1
disabled
0.3
0.3
0.3
1
focus
0
0
0
0
*** END MVC_View Document ***
inAmp
MVC_MyKnob3
*** MVC_View Document v1 ***
10
0
26
20
26
26
pin
0
0
0
1
background
0
0
0
0.5
numberUp
0
0
0
1
off
0
0
0
1
on
0.75399709302326
0.98556341952153
1
1
midiLearn
0
1
1
1
numberDown
1
1
1
1
label
1
1
1
1
disabled
0.3
0.3
0.3
1
focus
0
0
0
0
*** END MVC_View Document ***
sendAmp
MVC_MyKnob3
*** MVC_View Document v1 ***
10
0
103
20
26
26
pin
0
0
0
1
background
0
0
0
0.5
numberUp
0
0
0
1
off
0
0
0
1
on
0.75399709302326
0.98556341952153
1
1
midiLearn
0
1
1
1
numberDown
1
1
1
1
label
1
1
1
1
disabled
0.3
0.3
0.3
1
focus
0
0
0
0
*** END MVC_View Document ***
7
MVC_MyKnob3
4.7805512520357
*** MVC_View Document v1 ***
10
0
50
75
55
55
pin
0
0
0
1
background
0
0
0
0.5
numberUp
0
0
0
1
off
0
0
0
1
on
0.75399709302326
0.98556341952153
1
1
midiLearn
0
1
1
1
numberDown
1
0.5
0
1
label
1
1
1
1
disabled
0.3
0.3
0.3
1
focus
0
0
0
0
*** END MVC_View Document ***
8
MVC_MyKnob3
0.315302734375
*** MVC_View Document v1 ***
10
0
130
75
55
55
pin
0
0
0
1
background
0
0
0
0.5
numberUp
0
0
0
1
off
0
0
0
1
on
0.75399709302326
0.98556341952153
1
1
midiLearn
0
1
1
1
numberDown
1
0.5
0
1
label
1
1
1
1
disabled
0.3
0.3
0.3
1
focus
0
0
0
0
*** END MVC_View Document ***
*** END INSTRUMENT DOC ***
