SC CodeFX Doc v1.4
Template Version v1.2
LNX_CodeFX
PV_CM Delay
19
0
0
1
0.020819500253603
0
0
1
0
0
127
-2
-inf
0
8
0
1
0.020819500253603
268
303
9
1
0
1
0
*** MIDI Control Doc v1.2
0
0
*** End MIDI Control Doc ***
656
47
47
32
80
86
95
77
97
103
70
114
101
101
122
101
32
47
47
32
10
10
83
121
110
116
104
68
101
102
40
34
76
78
88
95
80
86
95
67
111
110
102
111
114
109
97
108
77
97
112
34
44
32
123
124
111
117
116
44
32
97
109
112
44
32
105
110
44
32
105
110
65
109
112
44
32
115
101
110
100
79
117
116
44
32
115
101
110
100
65
109
112
44
32
112
111
108
108
44
32
102
102
116
44
32
116
105
109
101
44
32
102
101
101
100
44
32
114
101
97
108
44
32
105
109
97
103
105
110
97
114
121
44
32
111
110
124
10
9
10
9
118
97
114
32
99
104
97
105
110
44
32
115
105
103
110
97
108
44
32
115
105
103
110
97
108
73
110
32
61
32
73
110
46
97
114
40
105
110
44
32
50
41
32
42
32
105
110
65
109
112
59
10
9
10
9
115
105
103
110
97
108
32
61
32
72
80
70
46
97
114
40
115
105
103
110
97
108
73
110
32
44
50
48
48
41
59
10
9
32
32
32
32
32
32
32
32
32
32
32
10
9
115
105
103
110
97
108
32
61
32
70
98
40
123
124
102
101
101
100
98
97
99
107
124
9
10
9
10
9
9
99
104
97
105
110
32
61
32
70
70
84
40
123
32
76
111
99
97
108
66
117
102
40
50
42
42
102
102
116
41
32
125
33
50
44
32
115
105
103
110
97
108
46
99
108
105
112
40
45
50
44
50
41
43
40
102
101
101
100
98
97
99
107
42
102
101
101
100
41
41
59
10
9
9
99
104
97
105
110
61
80
86
95
67
111
110
102
111
114
109
97
108
77
97
112
40
99
104
97
105
110
44
114
101
97
108
44
32
105
109
97
103
105
110
97
114
121
32
41
59
10
9
9
73
70
70
84
40
99
104
97
105
110
41
59
32
10
9
9
10
9
125
44
49
44
116
105
109
101
41
59
10
9
10
9
76
78
88
95
70
88
79
117
116
40
115
105
103
110
97
108
44
115
105
103
110
97
108
73
110
44
111
110
44
111
117
116
44
97
109
112
44
48
44
115
101
110
100
79
117
116
44
115
101
110
100
65
109
112
41
59
10
9
10
125
44
10
10
114
97
116
101
115
58
32
110
105
108
33
55
32
43
43
32
91
92
105
114
44
32
48
46
49
93
44
32
47
47
32
102
102
116
32
109
117
115
116
32
98
101
32
105
110
105
116
105
97
108
32
114
97
116
101
10
109
101
116
97
100
97
116
97
58
32
40
32
115
112
101
99
115
58
32
40
32
102
105
108
116
70
114
101
113
58
92
102
114
101
113
44
32
113
58
92
117
110
105
112
111
108
97
114
44
32
116
104
114
101
115
104
58
91
48
44
49
93
44
32
102
102
116
58
92
102
102
116
44
32
114
101
97
108
58
92
98
105
112
111
108
97
114
44
32
9
105
109
97
103
105
110
97
114
121
58
92
98
105
112
111
108
97
114
41
41
41
3
5
volume
MVC_MyKnob3
*** MVC_View Document v1 ***
10
0
181
20
26
26
pin
0
0
0
1
background
0
0
0
0.37662337662338
numberUp
0
0
0
1
off
0
0
0
1
on
1
0.63057170542636
0.40261627906977
1
midiLearn
0
0.91642441860465
1
1
numberDown
1
1
1
1
label
1
1
1
1
disabled
0.3
0.3
0.3
1
focus
0
0
0
0
*** END MVC_View Document ***
inAmp
MVC_MyKnob3
*** MVC_View Document v1 ***
10
0
26
20
26
26
pin
0
0
0
1
background
0
0
0
0.37662337662338
numberUp
0
0
0
1
off
0
0
0
1
on
1
0.63057170542636
0.40261627906977
1
midiLearn
0
0.91642441860465
1
1
numberDown
1
1
1
1
label
1
1
1
1
disabled
0.3
0.3
0.3
1
focus
0
0
0
0
*** END MVC_View Document ***
sendAmp
MVC_MyKnob3
*** MVC_View Document v1 ***
10
0
103
20
26
26
pin
0
0
0
1
background
0
0
0
0.37662337662338
numberUp
0
0
0
1
off
0
0
0
1
on
1
0.63057170542636
0.40261627906977
1
midiLearn
0
0.91642441860465
1
1
numberDown
1
1
1
1
label
1
1
1
1
disabled
0.3
0.3
0.3
1
focus
0
0
0
0
*** END MVC_View Document ***
8
MVC_SmoothSlider
0.044460720486111
*** MVC_View Document v1 ***
13
0
34
138
150
20
backgroundDisabled
0.25
0.25
0.25
1
numberDown
1
0.5
0
1
midiLearn
0
1
1
1
background
0
0
0
0.37662337662338
hilite
0.70760658914729
0.66804211924972
0.63098349192131
1
knob
1
0.81204807356454
0.62948158914729
1
knobBorder
0
0
0
1
numberUp
0
0
0
1
knobDisabled
0.6
0.6
0.6
1
border
0
0
0
1
label
1
1
1
1
disabled
0.3
0.3
0.3
1
focus
0
0
0
0
*** END MVC_View Document ***
0
MVC_SmoothSlider
11
*** MVC_View Document v1 ***
13
0
125
109
55
15
backgroundDisabled
0.25
0.25
0.25
1
numberDown
1
0.5
0
1
midiLearn
0
0.91642441860465
1
1
background
0
0
0
0.37662337662338
hilite
0.70760658914729
0.66804211924972
0.63098349192131
1
knob
1
0.81204807356454
0.62948158914729
1
knobBorder
0
0
0
1
numberUp
0
0
0
1
knobDisabled
0.6
0.6
0.6
1
border
0
0
0
1
label
1
1
1
1
disabled
0.3
0.3
0.3
1
focus
0
0
0
0
*** END MVC_View Document ***
10
MVC_MyKnob3
-0.320380859375
*** MVC_View Document v1 ***
10
0
13
84
35
35
pin
0
0
0
1
background
0
0
0
0.5
numberUp
0
0
0
1
off
0
0
0
1
on
1
0.63057170542636
0.40261627906977
1
midiLearn
0
1
1
1
numberDown
1
0.5
0
1
label
1
1
1
1
disabled
0.3
0.3
0.3
1
focus
0
0
0
0
*** END MVC_View Document ***
11
MVC_MyKnob3
0.3083203125
*** MVC_View Document v1 ***
10
0
63
84
35
35
pin
0
0
0
1
background
0
0
0
0.5
numberUp
0
0
0
1
off
0
0
0
1
on
1
0.63057170542636
0.40261627906977
1
midiLearn
0
1
1
1
numberDown
1
0.5
0
1
label
1
1
1
1
disabled
0.3
0.3
0.3
1
focus
0
0
0
0
*** END MVC_View Document ***
9
MVC_SmoothSlider
0.87999131944444
*** MVC_View Document v1 ***
13
0
35
172
150
20
backgroundDisabled
0.25
0.25
0.25
1
numberDown
1
0.5
0
1
midiLearn
0
1
1
1
background
0
0
0
0.37662337662338
hilite
0.70760658914729
0.66804211924972
0.63098349192131
1
knob
1
0.81204807356454
0.62948158914729
1
knobBorder
0
0
0
1
numberUp
0
0
0
1
knobDisabled
0.6
0.6
0.6
1
border
0
0
0
1
label
1
1
1
1
disabled
0.3
0.3
0.3
1
focus
0
0
0
0
*** END MVC_View Document ***
*** END INSTRUMENT DOC ***
