SC CodeFX Doc v1.4
Template Version v1.1
LNX_CodeFX
PV_MagSmear
19
3
0
1
0.11892857997674
0
0
1
0
0
127
-2
-inf
0
8
0
1
-0.0047932960850803
263
245
9
0
1
-6.1127176008208
0
0
1
0
0
127
-2
-inf
7
8
0
1
-4.4504963984064
263
262
9
0
1
-6.1127176008208
0
0
1
0
0
127
-2
-inf
7
8
0
1
-4.4504963984064
263
262
9
0
1
-6.1127176008208
0
0
1
0
0
127
-2
-inf
7
8
0
1
-4.4504963984064
263
262
9
Preset 0
Preset 1
Preset 2
1
0
1
0
*** MIDI Control Doc v1.1
0
*** End MIDI Control Doc ***
602
47
47
10
47
47
32
80
86
32
77
97
103
105
110
116
117
100
101
32
83
109
101
97
114
10
47
47
32
10
10
83
121
110
116
104
68
101
102
40
34
76
78
88
95
77
97
103
83
109
101
97
114
34
44
32
123
124
111
117
116
44
32
97
109
112
44
32
105
110
44
32
105
110
65
109
112
44
32
115
101
110
100
79
117
116
44
32
115
101
110
100
65
109
112
44
32
112
111
108
108
44
32
102
102
116
44
32
115
109
101
97
114
61
49
48
48
124
10
9
10
9
118
97
114
32
115
105
103
110
97
108
32
61
32
73
110
46
97
114
40
105
110
44
32
50
41
32
42
32
105
110
65
109
112
59
9
9
9
9
47
47
32
105
110
112
117
116
32
115
105
103
110
97
108
10
9
118
97
114
32
99
104
97
105
110
32
61
32
70
70
84
40
32
123
76
111
99
97
108
66
117
102
40
50
42
42
102
102
116
41
125
33
50
32
44
32
115
105
103
110
97
108
41
59
9
47
47
32
115
105
103
110
97
108
32
116
111
32
70
70
84
32
40
115
116
101
114
101
111
41
10
9
10
9
99
104
97
105
110
32
61
32
80
86
95
77
97
103
83
109
101
97
114
40
99
104
97
105
110
44
32
115
109
101
97
114
45
49
41
59
9
9
9
9
47
47
32
65
118
101
114
97
103
101
32
109
97
103
110
105
116
117
100
101
115
32
97
99
114
111
115
115
32
98
105
110
115
10
9
10
9
115
105
103
110
97
108
32
61
32
73
70
70
84
40
99
104
97
105
110
41
59
9
9
9
9
9
9
9
47
47
32
70
70
84
32
116
111
32
115
105
103
110
97
108
10
9
76
78
88
95
79
117
116
40
115
105
103
110
97
108
44
111
117
116
44
97
109
112
44
48
44
115
101
110
100
79
117
116
44
115
101
110
100
65
109
112
41
59
9
9
47
47
32
111
117
116
112
117
116
32
115
105
103
110
97
108
10
9
10
125
44
10
114
97
116
101
115
58
91
110
105
108
44
110
105
108
44
110
105
108
44
110
105
108
44
110
105
108
44
110
105
108
44
110
105
108
44
92
105
114
93
44
32
47
47
32
102
102
116
32
109
117
115
116
32
98
101
32
105
110
105
116
105
97
108
32
114
97
116
101
10
109
101
116
97
100
97
116
97
58
32
40
32
115
112
101
99
115
58
32
40
10
9
102
105
108
116
70
114
101
113
58
32
92
102
114
101
113
44
10
9
113
58
32
92
117
110
105
112
111
108
97
114
44
10
9
115
109
101
97
114
58
91
49
44
50
48
48
44
92
101
120
112
93
44
10
9
102
102
116
58
92
102
102
116
10
41
41
41
10
10
3
2
volume
MVC_MyKnob3
*** MVC_View Document v1 ***
10
0
181
20
26
26
pin
0
0
0
1
background
0
0
0
0.5
numberUp
0
0
0
1
off
0
0
0
1
on
1
0.55038759689922
1
1
midiLearn
0
1
1
1
numberDown
1
1
1
1
label
1
1
1
1
disabled
0.3
0.3
0.3
1
focus
0
0
0
0
*** END MVC_View Document ***
inAmp
MVC_MyKnob3
*** MVC_View Document v1 ***
10
0
26
20
26
26
pin
0
0
0
1
background
0
0
0
0.5
numberUp
0
0
0
1
off
0
0
0
1
on
1
0.55038759689922
1
1
midiLearn
0
1
1
1
numberDown
1
1
1
1
label
1
1
1
1
disabled
0.3
0.3
0.3
1
focus
0
0
0
0
*** END MVC_View Document ***
sendAmp
MVC_MyKnob3
*** MVC_View Document v1 ***
10
0
103
20
26
26
pin
0
0
0
1
background
0
0
0
0.5
numberUp
0
0
0
1
off
0
0
0
1
on
1
0.55038759689922
1
1
midiLearn
0
1
1
1
numberDown
1
1
1
1
label
1
1
1
1
disabled
0.3
0.3
0.3
1
focus
0
0
0
0
*** END MVC_View Document ***
0
MVC_SmoothSlider
9
*** MVC_View Document v1 ***
12
0
42
75
60
18
backgroundDisabled
0.25
0.25
0.25
1
numberDown
1
0.5
0
1
midiLearn
0
1
1
1
background
0
0
0
0.37662337662338
hilite
0.7789789244186
0.07986987155043
0.56622317159262
0.53612524224806
knob
1
0.58542272286822
0.9551828706589
1
border
0
0
0
1
numberUp
0
0
0
1
knobDisabled
0.6
0.6
0.6
1
label
1
1
1
1
disabled
0.3
0.3
0.3
1
focus
0
0
0
0
*** END MVC_View Document ***
8
MVC_SmoothSlider
1
*** MVC_View Document v1 ***
12
0
42
99
141
45
backgroundDisabled
0.25
0.25
0.25
1
numberDown
1
0.5
0
1
midiLearn
0
1
1
1
background
0
0
0
0.37662337662338
hilite
0.7789789244186
0.07986987155043
0.56622317159262
0.53612524224806
knob
1
0.58542272286822
0.9551828706589
1
border
0
0
0
1
numberUp
0
0
0
1
knobDisabled
0.6
0.6
0.6
1
label
1
1
1
1
disabled
0.3
0.3
0.3
1
focus
0
0
0
0
*** END MVC_View Document ***
1
1
1
smear
12.720213418346
smear
11.748406042667
smear
11.748406042667
*** END INSTRUMENT DOC ***
