SC CodeFX Doc v1.4
Template Version v1.2
LNX_CodeFX
PV_Morph
19
0
0
1
-0.040785236321285
0
0
1
0
0
127
-2
-0.040785236321285
0
8
0
1
-0.040785236321285
264
218
9
1
0
1
0
*** MIDI Control Doc v1.2
0
0
*** End MIDI Control Doc ***
744
10
47
47
32
80
86
32
80
86
95
77
111
114
112
104
32
42
42
42
42
32
85
83
69
83
32
83
69
78
68
32
65
83
32
65
78
79
84
72
69
82
32
73
78
32
33
32
42
42
42
42
42
10
10
83
121
110
116
104
68
101
102
40
34
76
78
88
95
77
111
114
112
104
34
44
32
123
124
111
117
116
44
32
97
109
112
44
32
105
110
44
32
105
110
65
109
112
44
32
115
101
110
100
79
117
116
44
32
115
101
110
100
65
109
112
44
32
112
111
108
108
44
32
102
102
116
44
32
109
111
114
112
104
44
32
111
110
124
10
9
10
9
118
97
114
32
115
105
103
110
97
108
32
61
32
73
110
46
97
114
40
105
110
44
32
50
41
32
42
32
105
110
65
109
112
59
9
9
9
9
47
47
32
105
110
112
117
116
32
115
105
103
110
97
108
32
49
10
9
118
97
114
32
115
105
103
110
97
108
50
32
61
32
73
110
46
97
114
40
115
101
110
100
79
117
116
44
32
50
41
32
42
32
115
101
110
100
65
109
112
59
9
32
32
32
32
32
47
47
32
105
110
112
117
116
32
115
105
103
110
97
108
32
50
10
9
10
9
118
97
114
32
99
104
97
105
110
32
61
32
70
70
84
40
32
123
76
111
99
97
108
66
117
102
40
50
42
42
102
102
116
41
125
33
50
32
44
32
115
105
103
110
97
108
41
59
9
47
47
32
115
105
103
110
97
108
32
116
111
32
70
70
84
32
40
115
116
101
114
101
111
41
10
9
118
97
114
32
99
104
97
105
110
50
32
61
32
70
70
84
40
32
123
76
111
99
97
108
66
117
102
40
50
42
42
102
102
116
41
125
33
50
32
44
32
115
105
103
110
97
108
50
41
59
9
47
47
32
115
105
103
110
97
108
32
116
111
32
70
70
84
32
40
115
116
101
114
101
111
41
10
9
10
9
99
104
97
105
110
32
61
32
80
86
95
77
111
114
112
104
32
40
99
104
97
105
110
44
99
104
97
105
110
50
44
109
111
114
112
104
41
59
32
32
32
32
32
32
32
32
32
32
32
32
32
32
47
47
32
109
111
114
112
104
10
10
9
76
78
88
95
70
88
79
117
116
40
73
70
70
84
40
99
104
97
105
110
41
44
115
105
103
110
97
108
43
115
105
103
110
97
108
50
44
111
110
44
111
117
116
44
97
109
112
44
48
44
115
101
110
100
79
117
116
44
115
101
110
100
65
109
112
41
59
32
47
47
32
111
117
116
10
9
10
125
44
32
10
10
114
97
116
101
115
58
91
110
105
108
44
110
105
108
44
110
105
108
44
110
105
108
44
110
105
108
44
110
105
108
44
110
105
108
44
92
105
114
93
44
32
47
47
32
102
102
116
32
109
117
115
116
32
98
101
32
105
110
105
116
105
97
108
32
114
97
116
101
10
10
109
101
116
97
100
97
116
97
58
32
40
115
112
101
99
115
58
32
40
10
10
9
102
105
108
116
70
114
101
113
58
32
92
102
114
101
113
44
32
113
58
32
92
117
110
105
112
111
108
97
114
44
32
115
109
101
97
114
58
91
49
44
50
48
48
44
92
101
120
112
93
44
32
102
102
116
58
92
102
102
116
44
32
109
111
114
112
104
58
92
117
110
105
112
111
108
97
114
10
10
41
41
41
10
10
3
2
volume
MVC_MyKnob3
*** MVC_View Document v1 ***
10
0
168
75
26
26
pin
0
0
0
1
background
0
0
0
0.37662337662338
numberUp
0
0
0
1
off
0
0
0
1
on
0.55038759689922
0.88372093023256
1
1
midiLearn
0
1
1
1
numberDown
1
1
1
1
label
1
1
1
1
disabled
0.3
0.3
0.3
1
focus
0
0
0
0
*** END MVC_View Document ***
inAmp
MVC_MyKnob3
*** MVC_View Document v1 ***
10
0
33
75
26
26
pin
0
0
0
1
background
0
0
0
0.37662337662338
numberUp
0
0
0
1
off
0
0
0
1
on
0.55038759689922
0.88372093023256
1
1
midiLearn
0
1
1
1
numberDown
1
1
1
1
label
1
1
1
1
disabled
0.3
0.3
0.3
1
focus
0
0
0
0
*** END MVC_View Document ***
sendAmp
MVC_MyKnob3
*** MVC_View Document v1 ***
10
0
99
75
26
26
pin
0
0
0
1
background
0
0
0
0.37662337662338
numberUp
0
0
0
1
off
0
0
0
1
on
0.55038759689922
0.88372093023256
1
1
midiLearn
0
1
1
1
numberDown
1
1
1
1
label
1
1
1
1
disabled
0.3
0.3
0.3
1
focus
0
0
0
0
*** END MVC_View Document ***
0
MVC_SmoothSlider
11
*** MVC_View Document v1 ***
13
0
90
33
57
18
backgroundDisabled
0.25
0.25
0.25
1
numberDown
1
0.5
0
1
midiLearn
0
1
1
1
background
0
0
0
0.37662337662338
hilite
0
0
1
0.37984496124031
knob
0.62790697674419
0.69713358572201
1
1
knobBorder
0
0
0
1
numberUp
0
0
0
1
knobDisabled
0.6
0.6
0.6
1
border
0
0
0
1
label
1
1
1
1
disabled
0.3
0.3
0.3
1
focus
0
0
0
0
*** END MVC_View Document ***
8
MVC_SmoothSlider
0.51680307539683
*** MVC_View Document v1 ***
13
0
51
6
132
21
backgroundDisabled
0.25
0.25
0.25
1
numberDown
1
0.5
0
1
midiLearn
0
1
1
1
background
0
0
0
0.37662337662338
hilite
0
0
1
0.37984496124031
knob
0.62790697674419
0.69713358572201
1
1
knobBorder
0
0
0
1
numberUp
0
0
0
1
knobDisabled
0.6
0.6
0.6
1
border
0
0
0
1
label
1
1
1
1
disabled
0.3
0.3
0.3
1
focus
0
0
0
0
*** END MVC_View Document ***
*** END INSTRUMENT DOC ***
