SC CodeFX Doc v1.4
Template Version v1.1
LNX_CodeFX
PV_Smooth&Smear Delay
19
3
0
1
0.36141303963461
0
0
1
0
0
127
-2
-inf
0
8
0
1
-0.0047932960850803
265
294
9
0
1
-6.1127176008208
0
0
1
0
0
127
-2
-inf
7
8
0
1
-4.4504963984064
263
262
9
0
1
-6.1127176008208
0
0
1
0
0
127
-2
-inf
7
8
0
1
-4.4504963984064
263
262
9
0
1
-6.1127176008208
0
0
1
0
0
127
-2
-inf
7
8
0
1
-4.4504963984064
263
262
9
Preset 0
Preset 1
Preset 2
1
0
1
0
*** MIDI Control Doc v1.1
1
1
0
38
-8
0
127
0
*** End MIDI Control Doc ***
594
47
47
32
80
86
95
77
97
103
70
114
101
101
122
101
32
47
47
32
10
10
83
121
110
116
104
68
101
102
40
34
76
78
88
95
82
97
110
100
67
111
109
98
34
44
32
123
124
111
117
116
44
32
97
109
112
44
32
105
110
44
32
105
110
65
109
112
44
32
115
101
110
100
79
117
116
44
32
115
101
110
100
65
109
112
44
32
112
111
108
108
44
32
102
102
116
44
119
105
112
101
44
116
105
109
101
44
102
101
101
100
44
115
109
101
97
114
124
10
9
10
9
118
97
114
32
99
104
97
105
110
59
10
9
118
97
114
32
115
105
103
110
97
108
32
61
32
72
80
70
46
97
114
40
73
110
46
97
114
40
105
110
44
32
50
41
32
42
32
105
110
65
109
112
44
53
48
48
41
59
32
32
32
32
32
32
32
32
32
32
32
32
32
32
32
10
9
115
105
103
110
97
108
32
61
32
70
98
40
123
124
102
101
101
100
98
97
99
107
124
9
10
9
9
99
104
97
105
110
32
61
32
70
70
84
40
123
32
76
111
99
97
108
66
117
102
40
50
42
42
102
102
116
41
32
125
33
50
44
32
115
105
103
110
97
108
43
40
102
101
101
100
98
97
99
107
42
102
101
101
100
41
41
59
10
9
9
99
104
97
105
110
32
61
32
80
86
95
77
97
103
83
109
111
111
116
104
40
99
104
97
105
110
44
119
105
112
101
41
59
10
9
9
99
104
97
105
110
32
61
32
80
86
95
77
97
103
83
109
101
97
114
40
99
104
97
105
110
44
32
115
109
101
97
114
45
49
41
59
9
9
10
9
9
73
70
70
84
40
99
104
97
105
110
41
59
32
10
9
125
44
49
44
116
105
109
101
41
59
10
9
76
78
88
95
79
117
116
40
115
105
103
110
97
108
44
111
117
116
44
97
109
112
44
48
44
115
101
110
100
79
117
116
44
115
101
110
100
65
109
112
41
59
10
9
10
125
44
10
10
114
97
116
101
115
58
32
110
105
108
33
55
32
43
43
32
91
92
105
114
44
32
48
46
49
93
44
32
47
47
32
102
102
116
32
109
117
115
116
32
98
101
32
105
110
105
116
105
97
108
32
114
97
116
101
10
10
109
101
116
97
100
97
116
97
58
32
40
32
115
112
101
99
115
58
32
40
32
102
105
108
116
70
114
101
113
58
92
102
114
101
113
44
32
113
58
92
117
110
105
112
111
108
97
114
44
32
116
104
114
101
115
104
58
91
48
44
49
93
44
32
102
102
116
58
92
102
102
116
44
32
9
115
109
101
97
114
58
91
49
44
50
48
48
44
92
101
120
112
93
32
41
41
41
3
5
volume
MVC_MyKnob3
*** MVC_View Document v1 ***
10
0
181
20
26
26
pin
0
0
0
1
background
0
0
0
0.37662337662338
numberUp
0
0
0
1
off
0
0
0
1
on
1
0.90418214937234
0.80181080426357
1
midiLearn
0
0.91642441860465
1
1
numberDown
1
1
1
1
label
1
1
1
1
disabled
0.3
0.3
0.3
1
focus
0
0
0
0
*** END MVC_View Document ***
inAmp
MVC_MyKnob3
*** MVC_View Document v1 ***
10
0
26
20
26
26
pin
0
0
0
1
background
0
0
0
0.37662337662338
numberUp
0
0
0
1
off
0
0
0
1
on
1
0.90418214937234
0.80181080426357
1
midiLearn
0
0.91642441860465
1
1
numberDown
1
1
1
1
label
1
1
1
1
disabled
0.3
0.3
0.3
1
focus
0
0
0
0
*** END MVC_View Document ***
sendAmp
MVC_MyKnob3
*** MVC_View Document v1 ***
10
0
103
20
26
26
pin
0
0
0
1
background
0
0
0
0.37662337662338
numberUp
0
0
0
1
off
0
0
0
1
on
1
0.90418214937234
0.80181080426357
1
midiLearn
0
0.91642441860465
1
1
numberDown
1
1
1
1
label
1
1
1
1
disabled
0.3
0.3
0.3
1
focus
0
0
0
0
*** END MVC_View Document ***
8
MVC_SmoothSlider
0.70071072048611
*** MVC_View Document v1 ***
12
0
35
90
150
20
backgroundDisabled
0.25
0.25
0.25
1
numberDown
1
0.5
0
1
midiLearn
0
0.91642441860465
1
1
background
0
0
0
0.37662337662338
hilite
0.70760658914729
0.66804211924972
0.63098349192131
1
knob
1
0.81204807356454
0.62948158914729
1
border
0
0
0
1
numberUp
0
0
0
1
knobDisabled
0.6
0.6
0.6
1
label
1
1
1
1
disabled
0.3
0.3
0.3
1
focus
0
0
0
0
*** END MVC_View Document ***
0
MVC_SmoothSlider
11
*** MVC_View Document v1 ***
12
0
130
70
55
15
backgroundDisabled
0.25
0.25
0.25
1
numberDown
1
0.5
0
1
midiLearn
0
0.91642441860465
1
1
background
0
0
0
0.37662337662338
hilite
0.70760658914729
0.66804211924972
0.63098349192131
1
knob
1
0.81204807356454
0.62948158914729
1
border
0
0
0
1
numberUp
0
0
0
1
knobDisabled
0.6
0.6
0.6
1
label
1
1
1
1
disabled
0.3
0.3
0.3
1
focus
0
0
0
0
*** END MVC_View Document ***
10
MVC_SmoothSlider
0.69892035590278
*** MVC_View Document v1 ***
12
0
35
140
150
20
backgroundDisabled
0.25
0.25
0.25
1
numberDown
1
0.5
0
1
midiLearn
0
1
1
1
background
0
0
0
0.37662337662338
hilite
0.70760658914729
0.66804211924972
0.63098349192131
1
knob
1
0.81204807356454
0.62948158914729
1
border
0
0
0
1
numberUp
0
0
0
1
knobDisabled
0.6
0.6
0.6
1
label
1
1
1
1
disabled
0.3
0.3
0.3
1
focus
0
0
0
0
*** END MVC_View Document ***
11
MVC_SmoothSlider
14.426301643014
*** MVC_View Document v1 ***
12
0
45
165
135
20
backgroundDisabled
0.25
0.25
0.25
1
numberDown
1
0.5
0
1
midiLearn
0
1
1
1
background
0
0
0
0.37662337662338
hilite
0.70760658914729
0.66804211924972
0.63098349192131
1
knob
1
0.81204807356454
0.62948158914729
1
border
0
0
0
1
numberUp
0
0
0
1
knobDisabled
0.6
0.6
0.6
1
label
1
1
1
1
disabled
0.3
0.3
0.3
1
focus
0
0
0
0
*** END MVC_View Document ***
9
MVC_SmoothSlider
0
*** MVC_View Document v1 ***
12
0
35
115
150
20
backgroundDisabled
0.25
0.25
0.25
1
numberDown
1
0.5
0
1
midiLearn
0
1
1
1
background
0
0
0
0.37662337662338
hilite
0.70760658914729
0.66804211924972
0.63098349192131
1
knob
1
0.81204807356454
0.62948158914729
1
border
0
0
0
1
numberUp
0
0
0
1
knobDisabled
0.6
0.6
0.6
1
label
1
1
1
1
disabled
0.3
0.3
0.3
1
focus
0
0
0
0
*** END MVC_View Document ***
0
0
0
nil
nil
nil
*** END INSTRUMENT DOC ***
