SC CodeFX Doc v1.4
Template Version v1.2
LNX_CodeFX
Random onOff
19
0
0
1
0
0
0
1
0
0
127
-2
-inf
0
8
0
1
0
263
290
9
0
-1
1
0
*** MIDI Control Doc v1.1
0
*** End MIDI Control Doc ***
422
10
47
47
32
65
32
115
105
109
112
108
101
32
70
88
32
116
101
109
112
108
97
116
101
10
10
83
121
110
116
104
68
101
102
40
34
76
78
88
95
67
111
100
101
70
88
34
44
32
123
124
111
117
116
44
32
97
109
112
44
32
105
110
44
32
105
110
65
109
112
44
32
115
101
110
100
79
117
116
44
32
115
101
110
100
65
109
112
44
32
112
111
108
108
44
32
102
114
101
113
61
51
48
44
32
98
105
97
115
61
48
46
53
44
108
97
103
61
48
46
48
49
124
10
9
10
9
118
97
114
32
115
105
103
110
97
108
32
61
32
73
110
46
97
114
40
105
110
44
32
50
41
32
42
32
105
110
65
109
112
59
10
9
10
9
115
105
103
110
97
108
32
61
32
76
97
103
46
97
114
40
40
40
76
70
68
78
111
105
115
101
48
46
97
114
40
102
114
101
113
41
43
98
105
97
115
43
49
41
46
99
108
105
112
40
48
44
49
41
46
102
108
111
111
114
41
47
50
44
108
97
103
41
42
115
105
103
110
97
108
59
10
9
10
9
76
78
88
95
79
117
116
40
115
105
103
110
97
108
44
111
117
116
44
97
109
112
44
48
44
115
101
110
100
79
117
116
44
115
101
110
100
65
109
112
41
59
10
9
10
125
44
32
109
101
116
97
100
97
116
97
58
32
40
32
115
112
101
99
115
58
32
40
32
102
114
101
113
58
32
92
108
111
102
114
101
113
44
32
98
105
97
115
58
32
92
98
105
112
111
108
97
114
44
32
108
97
103
58
91
48
44
48
46
53
44
50
93
32
41
41
41
10
10
47
47
32
115
105
103
110
97
108
46
112
111
108
108
40
112
111
108
108
41
59
32
32
32
32
32
32
32
32
32
32
32
32
32
32
32
47
47
32
117
115
101
32
102
111
114
32
100
101
98
117
103
103
105
110
103
10
10
3
3
volume
MVC_MyKnob3
*** MVC_View Document v1 ***
10
0
181
20
26
26
pin
0
0
0
1
background
0
0
0
0.5
numberUp
0
0
0
1
off
1
0.86867126937984
0.86867126937984
1
on
0
0
0
1
midiLearn
0
1
1
1
numberDown
1
1
1
1
label
1
1
1
1
disabled
0.3
0.3
0.3
1
focus
0
0
0
0
*** END MVC_View Document ***
inAmp
MVC_MyKnob3
*** MVC_View Document v1 ***
10
0
26
20
26
26
pin
0
0
0
1
background
0
0
0
0.5
numberUp
0
0
0
1
off
1
0.86867126937984
0.86867126937984
1
on
0
0
0
1
midiLearn
0
1
1
1
numberDown
1
1
1
1
label
1
1
1
1
disabled
0.3
0.3
0.3
1
focus
0
0
0
0
*** END MVC_View Document ***
sendAmp
MVC_MyKnob3
*** MVC_View Document v1 ***
10
0
103
20
26
26
pin
0
0
0
1
background
0
0
0
0.5
numberUp
0
0
0
1
off
1
0.86867126937984
0.86867126937984
1
on
0
0
0
1
midiLearn
0
1
1
1
numberDown
1
1
1
1
label
1
1
1
1
disabled
0.3
0.3
0.3
1
focus
0
0
0
0
*** END MVC_View Document ***
9
MVC_MyKnob
0.012746683133594
*** MVC_View Document v1 ***
9
0
160
115
50
50
pin
0
0
0
1
numberUp
0
0
0
1
off
1
0.86867126937984
0.86867126937984
1
on
0
0
0
1
midiLearn
0
1
1
1
numberDown
1
0.5
0
1
label
1
1
1
1
disabled
0.3
0.3
0.3
1
focus
0
0
0
0
*** END MVC_View Document ***
7
MVC_MyKnob
36.192058168375
*** MVC_View Document v1 ***
9
0
30
115
50
50
pin
0
0
0
1
numberUp
0
0
0
1
off
1
0.86867126937984
0.86867126937984
1
on
0
0
0
1
midiLearn
0
1
1
1
numberDown
1
0.5
0
1
label
1
1
1
1
disabled
0.3
0.3
0.3
1
focus
0
0
0
0
*** END MVC_View Document ***
8
MVC_MyKnob
-0.33828125
*** MVC_View Document v1 ***
9
0
95
85
50
50
pin
0
0
0
1
numberUp
0
0
0
1
off
1
0.86867126937984
0.86867126937984
1
on
0
0
0
1
midiLearn
0
1
1
1
numberDown
1
0.5
0
1
label
1
1
1
1
disabled
0.3
0.3
0.3
1
focus
0
0
0
0
*** END MVC_View Document ***
*** END INSTRUMENT DOC ***
