SC CodeFX Doc v1.4
Template Version v1.2
LNX_CodeFX
Spreader
19
0
0
1
0.022510792476384
0
0
1
0
0
127
-2
-inf
0
8
0
1
0
263
290
9
0
-1
1
0
*** MIDI Control Doc v1.2
0
0
*** End MIDI Control Doc ***
374
47
47
32
115
112
114
101
97
100
101
114
32
42
32
58
45
41
10
10
83
121
110
116
104
68
101
102
40
34
76
78
88
95
67
111
100
101
70
88
34
44
32
123
124
111
117
116
44
32
97
109
112
44
32
105
110
44
32
105
110
65
109
112
44
32
115
101
110
100
79
117
116
44
32
115
101
110
100
65
109
112
44
32
112
111
108
108
44
32
105
95
116
104
101
116
97
44
32
105
95
102
105
108
116
115
80
101
114
79
99
116
97
118
101
44
32
111
110
124
10
10
118
97
114
32
115
105
103
110
97
108
44
32
115
105
103
110
97
108
73
110
32
61
32
73
110
46
97
114
40
105
110
44
32
50
41
32
42
32
105
110
65
109
112
59
10
10
115
105
103
110
97
108
32
61
32
83
112
114
101
97
100
101
114
46
97
114
40
115
105
103
110
97
108
73
110
32
42
32
40
105
110
65
109
112
42
48
46
54
41
32
44
105
95
116
104
101
116
97
44
105
95
102
105
108
116
115
80
101
114
79
99
116
97
118
101
41
59
10
10
76
78
88
95
70
88
79
117
116
40
115
105
103
110
97
108
44
115
105
103
110
97
108
73
110
44
111
110
44
111
117
116
44
97
109
112
44
48
44
115
101
110
100
79
117
116
44
115
101
110
100
65
109
112
41
59
32
10
10
125
44
32
109
101
116
97
100
97
116
97
58
32
40
32
115
112
101
99
115
58
32
40
32
105
95
116
104
101
116
97
58
91
48
44
51
93
44
32
105
95
102
105
108
116
115
80
101
114
79
99
116
97
118
101
58
32
91
49
44
53
48
44
50
44
49
44
49
93
32
41
41
41
10
10
3
2
volume
MVC_MyKnob3
*** MVC_View Document v1 ***
10
0
181
20
26
26
pin
0
0
0
1
background
0
0
0
0.5
numberUp
0
0
0
1
off
0
0
0
1
on
0.58179735342232
0.75005357197831
0.96384447674419
1
midiLearn
0
1
1
1
numberDown
1
1
1
1
label
1
1
1
1
disabled
0.3
0.3
0.3
1
focus
0
0
0
0
*** END MVC_View Document ***
inAmp
MVC_MyKnob3
*** MVC_View Document v1 ***
10
0
26
20
26
26
pin
0
0
0
1
background
0
0
0
0.5
numberUp
0
0
0
1
off
0
0
0
1
on
0.58179735342232
0.75005357197831
0.96384447674419
1
midiLearn
0
1
1
1
numberDown
1
1
1
1
label
1
1
1
1
disabled
0.3
0.3
0.3
1
focus
0
0
0
0
*** END MVC_View Document ***
sendAmp
MVC_MyKnob3
*** MVC_View Document v1 ***
10
0
103
20
26
26
pin
0
0
0
1
background
0
0
0
0.5
numberUp
0
0
0
1
off
0
0
0
1
on
0.58179735342232
0.75005357197831
0.96384447674419
1
midiLearn
0
1
1
1
numberDown
1
1
1
1
label
1
1
1
1
disabled
0.3
0.3
0.3
1
focus
0
0
0
0
*** END MVC_View Document ***
1
MVC_SmoothSlider
6
*** MVC_View Document v1 ***
13
0
130
80
70
100
backgroundDisabled
0.25
0.25
0.25
1
numberDown
1
0.5
0
1
midiLearn
0
1
1
1
background
0.23463122038506
0.28718159372496
0.36497698643411
0.5
hilite
0
0
0
0.46726623062016
knob
0
0
0
1
knobBorder
0.64286579457364
0.78684849839651
1
1
numberUp
0
0
0
1
knobDisabled
0.6
0.6
0.6
1
border
0.64286579457364
0.78684849839651
1
1
label
1
1
1
1
disabled
0.3
0.3
0.3
1
focus
0
0
0
0
*** END MVC_View Document ***
0
MVC_MyKnob3
1.5139453125
*** MVC_View Document v1 ***
10
0
30
100
70
70
pin
0
0
0
1
background
0
0
0
0.5
numberUp
0
0
0
1
off
0
0
0
1
on
0.58179735342232
0.75005357197831
0.96384447674419
1
midiLearn
0
1
1
1
numberDown
1
0.5
0
1
label
1
1
1
1
disabled
0.3
0.3
0.3
1
focus
0
0
0
0
*** END MVC_View Document ***
*** END INSTRUMENT DOC ***
