SC CodeFX Doc v1.4
Template Version v1.1
LNX_CodeFX
Squiz
19
3
0
1
-0.020056366369869
0
0
1
0
0
127
-2
-inf
0
8
0
1
0.0023276952597377
263
294
9
0
1
-0.827849086759
0
0
1
0
0
127
-2
-inf
0
8
0
1
-6.8248545855731
263
295
9
0
1
-0.827849086759
0
0
1
0
0
127
-2
-inf
0
8
0
1
-6.8248545855731
263
295
9
0
1
-0.827849086759
0
0
1
0
0
127
-2
-inf
0
8
0
1
-6.8248545855731
263
295
9
Big
Medium
Small
1
0
1
0
*** MIDI Control Doc v1.1
0
*** End MIDI Control Doc ***
399
47
47
10
47
47
32
83
113
117
105
122
32
45
32
87
97
118
101
32
115
113
117
101
101
122
101
114
46
32
77
97
121
98
101
32
97
32
107
105
110
100
32
111
102
32
112
105
116
99
104
32
115
104
105
102
116
101
114
46
10
47
47
10
10
83
121
110
116
104
68
101
102
40
34
76
78
88
95
83
113
117
105
122
34
44
32
123
124
32
111
117
116
44
32
97
109
112
44
32
105
110
44
32
105
110
65
109
112
44
32
115
101
110
100
79
117
116
44
32
115
101
110
100
65
109
112
44
32
112
105
116
99
104
114
97
116
105
111
44
32
122
99
112
101
114
99
104
117
110
107
124
10
9
76
78
88
95
79
117
116
40
10
9
9
76
101
97
107
68
67
46
97
114
40
10
9
9
9
83
113
117
105
122
46
97
114
40
10
9
9
9
9
73
110
46
97
114
40
105
110
44
32
50
41
42
105
110
65
109
112
44
10
9
9
9
9
112
105
116
99
104
114
97
116
105
111
44
10
9
9
9
9
122
99
112
101
114
99
104
117
110
107
10
9
9
9
41
10
9
9
41
10
9
44
111
117
116
44
97
109
112
44
48
44
115
101
110
100
79
117
116
44
115
101
110
100
65
109
112
41
59
10
125
44
32
10
114
97
116
101
115
58
91
110
105
108
44
48
46
49
44
110
105
108
44
48
46
49
44
110
105
108
44
48
46
49
44
110
105
108
44
110
105
108
93
44
10
109
101
116
97
100
97
116
97
58
32
40
32
115
112
101
99
115
58
32
40
10
9
112
105
116
99
104
114
97
116
105
111
58
32
91
49
44
49
48
44
92
101
120
112
93
44
10
9
122
99
112
101
114
99
104
117
110
107
58
91
49
46
53
44
49
48
93
10
41
41
41
10
3
2
volume
MVC_MyKnob3
*** MVC_View Document v1 ***
10
0
181
20
26
26
pin
0
0
0
1
background
0
0
0
0.5
numberUp
0
0
0
1
off
0
0
0
1
on
0.82945736434109
0.86118622678926
1
1
midiLearn
0
1
1
1
numberDown
1
1
1
1
label
1
1
1
1
disabled
0.3
0.3
0.3
1
focus
0
0
0
0
*** END MVC_View Document ***
inAmp
MVC_MyKnob3
*** MVC_View Document v1 ***
10
0
26
20
26
26
pin
0
0
0
1
background
0
0
0
0.5
numberUp
0
0
0
1
off
0
0
0
1
on
0.82945736434109
0.86118622678926
1
1
midiLearn
0
1
1
1
numberDown
1
1
1
1
label
1
1
1
1
disabled
0.3
0.3
0.3
1
focus
0
0
0
0
*** END MVC_View Document ***
sendAmp
MVC_MyKnob3
*** MVC_View Document v1 ***
10
0
103
20
26
26
pin
0
0
0
1
background
0
0
0
0.5
numberUp
0
0
0
1
off
0
0
0
1
on
0.82945736434109
0.86118622678926
1
1
midiLearn
0
1
1
1
numberDown
1
1
1
1
label
1
1
1
1
disabled
0.3
0.3
0.3
1
focus
0
0
0
0
*** END MVC_View Document ***
7
MVC_SmoothSlider
3.4203082074176
*** MVC_View Document v1 ***
12
0
153
87
33
97
backgroundDisabled
0.25
0.25
0.25
1
numberDown
1
0.5
0
1
midiLearn
0
1
1
1
background
0
0
0
0.37662337662338
hilite
0
0
0
0.3
knob
1
0.56552810077519
0.80683998230322
0.96205789728682
border
0
0
0
1
numberUp
0
0
0
1
knobDisabled
0.6
0.6
0.6
1
label
1
1
1
1
disabled
0.3
0.3
0.3
1
focus
0
0
0
0
*** END MVC_View Document ***
6
MVC_MyKnob
1
*** MVC_View Document v1 ***
9
0
36
87
81
81
pin
0
0
0
1
numberUp
0
0
0
1
off
0
0
0
1
on
1
0.55038759689922
1
1
midiLearn
0
1
1
1
numberDown
1
0.5
0
1
label
1
1
1
1
disabled
0.3
0.3
0.3
1
focus
0
0
0
0
*** END MVC_View Document ***
0
0
0
nil
nil
nil
*** END INSTRUMENT DOC ***
