SC CodeFX Doc v1.4
Template Version v1.2
LNX_CodeFX
WalshHadamard
19
0
0
1
5.9782716928819
0
0
1
0
0
127
-2
-inf
0
8
0
1
-8.3431859908091
264
232
9
1
0
1
0
*** MIDI Control Doc v1.2
0
0
*** End MIDI Control Doc ***
400
47
47
10
47
47
32
87
97
108
115
104
72
97
100
97
109
97
114
100
32
116
114
97
110
115
102
111
114
109
32
112
108
117
103
45
105
110
32
32
105
110
32
116
104
101
32
99
111
110
116
101
120
116
32
111
102
32
97
32
102
105
108
116
101
114
59
10
47
47
10
10
83
121
110
116
104
68
101
102
40
34
76
78
88
95
87
97
108
115
104
72
97
100
97
109
97
114
100
34
44
32
123
124
32
111
117
116
44
32
97
109
112
44
32
105
110
44
32
105
110
65
109
112
44
32
115
101
110
100
79
117
116
44
32
115
101
110
100
65
109
112
44
32
119
104
105
99
104
44
32
111
110
124
10
10
9
118
97
114
32
115
105
103
110
97
108
44
32
115
105
103
110
97
108
73
110
32
61
32
73
110
46
97
114
40
105
110
44
32
50
41
32
42
32
105
110
65
109
112
59
10
9
9
10
9
115
105
103
110
97
108
32
61
32
87
97
108
115
104
72
97
100
97
109
97
114
100
46
97
114
40
115
105
103
110
97
108
73
110
44
119
104
105
99
104
41
59
10
9
10
9
76
78
88
95
70
88
79
117
116
40
115
105
103
110
97
108
44
115
105
103
110
97
108
73
110
44
111
110
44
111
117
116
44
97
109
112
44
48
44
115
101
110
100
79
117
116
44
115
101
110
100
65
109
112
41
59
32
10
10
125
44
32
10
114
97
116
101
115
58
91
110
105
108
44
48
46
49
44
110
105
108
44
48
46
49
44
110
105
108
44
48
46
49
44
110
105
108
44
110
105
108
93
44
10
109
101
116
97
100
97
116
97
58
32
40
32
115
112
101
99
115
58
32
40
119
104
105
99
104
58
32
91
48
44
54
52
44
92
108
105
110
44
49
93
32
41
41
41
10
3
1
volume
MVC_MyKnob3
*** MVC_View Document v1 ***
10
0
181
20
26
26
pin
0
0
0
1
background
0
0
0
0.5
numberUp
0
0
0
1
off
0
0
0
1
on
0.82945736434109
0.86118622678926
1
1
midiLearn
0
1
1
1
numberDown
1
1
1
1
label
1
1
1
1
disabled
0.3
0.3
0.3
1
focus
0
0
0
0
*** END MVC_View Document ***
inAmp
MVC_MyKnob3
*** MVC_View Document v1 ***
10
0
26
20
26
26
pin
0
0
0
1
background
0
0
0
0.5
numberUp
0
0
0
1
off
0
0
0
1
on
0.82945736434109
0.86118622678926
1
1
midiLearn
0
1
1
1
numberDown
1
1
1
1
label
1
1
1
1
disabled
0.3
0.3
0.3
1
focus
0
0
0
0
*** END MVC_View Document ***
sendAmp
MVC_MyKnob3
*** MVC_View Document v1 ***
10
0
103
20
26
26
pin
0
0
0
1
background
0
0
0
0.5
numberUp
0
0
0
1
off
0
0
0
1
on
0.82945736434109
0.86118622678926
1
1
midiLearn
0
1
1
1
numberDown
1
1
1
1
label
1
1
1
1
disabled
0.3
0.3
0.3
1
focus
0
0
0
0
*** END MVC_View Document ***
6
MVC_SmoothSlider
27
*** MVC_View Document v1 ***
13
0
41
77
144
52
backgroundDisabled
0.25
0.25
0.25
1
numberDown
1
0.5
0
1
midiLearn
0
1
1
1
background
0
0
0
0.37662337662338
hilite
0.65116279069767
1
0.99188750676041
0.34108527131783
knob
0.5968992248062
0.85938345051379
1
1
knobBorder
0
0
0
1
numberUp
0
0
0
1
knobDisabled
0.6
0.6
0.6
1
border
0
0
0
1
label
1
1
1
1
disabled
0.3
0.3
0.3
1
focus
0
0
0
0
*** END MVC_View Document ***
*** END INSTRUMENT DOC ***
